0 0.154297 0.6397058823529411 0.03320300000000001 0.030881999999999972
0 0.2314455625 0.5941176470588234 0.03515599999999999 0.03970600000000004
0 0.3105465625 0.6588236470588236 0.03417999999999999 0.03970599999999996
0 0.333008125 0.5397060588235295 0.037109 0.03823499999999991
0 0.38671925 0.6088234705882354 0.04101499999999997 0.033823999999999896
0 0.40625 0.5161760588235295 0.03320299999999998 0.035294999999999944
0 0.4716795625 0.5617648235294118 0.03515600000000002 0.04411799999999994
0 0.491211125 0.4779410588235294 0.037109 0.038235000000000074
0 0.53418 0.6117646470588236 0.03320299999999998 0.03970599999999996
0 0.56152325 0.5147054705882353 0.03906299999999996 0.033823999999999896
0 0.586914125 0.6411762352941176 0.03710900000000006 0.041177
0 0.617187125 0.5441180588235295 0.03613300000000008 0.036764000000000026
0 0.677734 0.5720584705882352 0.033203000000000094 0.03382399999999998
0 0.733398 0.5970584705882352 0.03125 0.03235300000000002
