2 0.1940234375 0.521756618556701 0.311875 0.268868
2 0.318671875 0.5928253755522828 0.058750000000000024 0.09150900000000001
2 0.3653515625 0.5890513755522828 0.065 0.09150999999999991
2 0.429921875 0.5848641296023565 0.05937500000000001 0.09716999999999992
2 0.4858984375 0.5876264079528719 0.06187499999999996 0.11603699999999995
2 0.54109375 0.5827461134020618 0.05499999999999994 0.08490600000000004
2 0.58046875 0.5781924079528719 0.05625000000000002 0.11603700000000003
2 0.629921875 0.5867511296023563 0.06000000000000005 0.095283
2 0.65234375 0.5829771296023564 0.05625000000000002 0.095283
2 0.70359375 0.5802626377025037 0.05625000000000002 0.10094300000000002
2 0.761640625 0.5848641296023565 0.05249999999999999 0.09716999999999992
2 0.814453125 0.5850473593519881 0.06812499999999999 0.08113200000000012
