2 0.494453125 0.7425520833333333 0.06750000000000006 0.06583300000000003
2 0.055234375 0.63140625 0.012499999999999997 0.008333000000000071
2 0.061640625 0.7021878333333333 0.020624999999999998 0.027500000000000007
2 0.0994140625 0.6868229166666667 0.019375000000000003 0.029167000000000016
2 0.2156640625 0.62505175 0.019375000000000003 0.025833999999999985
2 0.2386328125 0.6253125 0.010624999999999996 0.016666999999999987
2 0.2625 0.6862496666666668 0.03249999999999997 0.022499999999999964
2 0.3119921875 0.8297395833333333 0.085625 0.04999999999999997
2 0.3742578125 0.6211455 0.010624999999999996 0.015833999999999977
2 0.4181640625 0.6323434166666666 0.018125000000000002 0.01500000000000005
2 0.4225390625 0.6551559166666666 0.019374999999999976 0.030000000000000027
2 0.5680078125 0.6148434166666666 0.010624999999999996 0.01416700000000004
2 0.6030078125 0.64088575 0.010624999999999996 0.025832999999999995
2 0.6168359375 0.6174475833333334 0.015000000000000013 0.019166999999999934
2 0.6650390625 0.6773958333333333 0.05062500000000003 0.1200000000000001
2 0.7058984375 0.6736458333333334 0.030625000000000013 0.058333000000000045
2 0.7396484375 0.6734375 0.030625000000000013 0.04833299999999996
2 0.7323828125 0.6091145833333332 0.010000000000000009 0.02083300000000003
2 0.7544140625 0.6091145833333332 0.01937500000000003 0.02083300000000003
2 0.8002734375 0.6566663333333334 0.02937499999999993 0.0416669999999999
2 0.8203125 0.6024475833333334 0.015625 0.020000000000000018
2 0.844296875 0.6668746666666667 0.028750000000000053 0.054167
2 0.8515625 0.62171875 0.015625 0.024166999999999977
2 0.8692578125 0.6228125 0.010000000000000009 0.015832999999999986
2 0.8915625 0.61171875 0.015625 0.025832999999999995
2 0.9332421875 0.60505175 0.021874999999999978 0.024166999999999977
2 0.9442578125 0.6302600833333334 0.011250000000000093 0.034999999999999996
