2 0.0419921875 0.9334630647130647 0.084375 0.13046899999999997
2 0.09519531249999999 0.674322021978022 0.08812500000000001 0.04453099999999993
2 0.17484375000000002 0.9020680708180708 0.14875 0.14218699999999998
2 0.1380078125 0.5559600122100121 0.04250000000000001 0.02578100000000008
2 0.2369921875 0.5862370268620268 0.05375000000000002 0.05546899999999997
2 0.2926953125 0.5396050231990233 0.057499999999999996 0.048437999999999946
2 0.3182421875 0.48193801709401707 0.05375000000000002 0.03437500000000006
2 0.331484375 0.6850160256410257 0.075625 0.05312499999999997
2 0.39484375 0.47793301465201465 0.05499999999999999 0.03125
2 0.5471874999999999 0.7730540293040293 0.11125000000000002 0.06015599999999993
2 0.68796875 0.4186100256410256 0.05625000000000002 0.051562000000000024
2 0.8387109375 0.7838980463980465 0.13937499999999992 0.09453099999999985
2 0.846171875 0.44297401953601956 0.02749999999999997 0.04140599999999994
2 0.9726171875 0.8152980598290598 0.05312499999999998 0.12187500000000008
