2 0.24229200000000004 0.1479469375 0.03259199999999999 0.014445000000000013
2 0.3269216666666666 0.4536064375 0.11703699999999999 0.06222299999999997
2 0.3213078333333333 0.36067675 0.088889 0.055555999999999994
2 0.3213078333333333 0.2719231875 0.09036999999999999 0.05444399999999999
2 0.3791781666666667 0.6669749375 0.13036999999999996 0.07777800000000001
2 0.392731 0.338723625 0.06370399999999998 0.05111100000000002
2 0.40660275 0.1971748125 0.056296999999999965 0.04111100000000001
2 0.4175581666666666 0.2554905625 0.06814800000000003 0.03333300000000003
2 0.4264471666666667 0.3196656875 0.06814799999999994 0.03888900000000001
2 0.4486225 0.2713154375 0.04888900000000004 0.031111
2 0.4634375 0.2349518125 0.04888900000000004 0.04222299999999998
2 0.46842025000000004 0.207847 0.040000000000000036 0.032222
2 0.5138075 0.2899345625 0.04740800000000004 0.03333400000000003
2 0.5965915833333334 0.41286425 0.05185200000000001 0.040000000000000036
2 0.6827022499999998 0.6212845 0.13333400000000015 0.07999999999999996
2 0.7271005833333334 0.742734375 0.11259299999999979 0.1055560000000001
2 0.745463 0.8956985625 0.12592600000000007 0.12777799999999995
