2 0.1990625 0.244935102189781 0.04749999999999999 0.040149000000000025
2 0.26484375 0.22877366423357665 0.05499999999999999 0.04761900000000003
2 0.298359375 0.2994972481751825 0.04375000000000001 0.03641500000000005
2 0.5300390625 0.8018615766423357 0.11250000000000004 0.129786
2 0.5241796875 0.5181706423357664 0.06874999999999998 0.06909399999999999
2 0.56453125 0.3506815182481752 0.07062499999999994 0.05135400000000005
2 0.5968359375 0.42789008029197084 0.04625000000000001 0.06069099999999998
2 0.64015625 0.44534164233576645 0.04062500000000002 0.06722699999999994
2 0.67296875 0.8585958248175183 0.08750000000000002 0.16526600000000005
2 0.675 0.4520630364963504 0.0625 0.101774
2 0.77609375 0.525232496350365 0.08750000000000002 0.070962
