2 0.27554687499999997 0.8444788333333334 0.27875000000000005 0.30916699999999997
2 0.0234375 0.3989586666666667 0.046875 0.11666599999999994
2 0.0244140625 0.24526008333333335 0.050625 0.15999999999999995
2 0.1064453125 0.5488538333333334 0.213125 0.276667
2 0.0574609375 0.11479133333333334 0.10875 0.198334
2 0.087734375 0.25328158333333334 0.105625 0.14583300000000002
2 0.1306640625 0.07802083333333333 0.08125 0.153333
2 0.201484375 0.33281216666666663 0.200625 0.225834
2 0.1746875 0.08078125 0.07875000000000001 0.10166700000000002
2 0.2772265625 0.46276008333333335 0.221875 0.285834
2 0.263359375 0.26661491666666665 0.16812499999999997 0.18500000000000003
2 0.27734375 0.09640624999999999 0.14937499999999998 0.134167
2 0.446171875 0.4784375 0.27749999999999997 0.7991670000000001
2 0.51625 0.053385416666666664 0.15749999999999997 0.109167
2 0.5265625 0.122083 0.17312500000000003 0.18916699999999997
2 0.5082421875 0.2668225833333333 0.085625 0.23833399999999996
2 0.6965625 0.43572950000000005 0.39250000000000007 0.579166
2 0.5508984375 0.23395833333333335 0.09312500000000001 0.20000000000000004
2 0.7538671875 0.07765591666666667 0.11624999999999996 0.155
2 0.7613671875 0.23713575 0.08562500000000006 0.21166600000000002
2 0.8878125 0.424792 0.11124999999999996 0.15666600000000006
2 0.9371484375 0.11614583333333334 0.12375000000000003 0.18416699999999997
2 0.9659765625 0.21635416666666665 0.06562500000000004 0.3183329999999999
