2 0.0352734375 0.8261975833333333 0.061250000000000006 0.08250000000000017
2 0.016484375000000002 0.4952083333333333 0.012499999999999999 0.01166700000000002
2 0.116015625 0.7649479166666667 0.08312499999999999 0.06083299999999999
2 0.1246484375 0.50005175 0.030625 0.025833999999999985
2 0.1292578125 0.45151041666666664 0.011249999999999996 0.01500000000000005
2 0.1796875 0.63255175 0.046875 0.025834000000000062
2 0.1673046875 0.4406774166666667 0.007500000000000007 0.014165999999999975
2 0.1923828125 0.48901041666666667 0.01125000000000001 0.01416700000000004
2 0.24578125 0.4886455 0.00874999999999998 0.015834000000000053
2 0.2526171875 0.45484341666666667 0.023125000000000007 0.01416700000000004
2 0.2812890625 0.4879166666666666 0.018125000000000002 0.022500000000000037
2 0.3783203125 0.6135940833333332 0.02562500000000001 0.034166000000000064
2 0.4125 0.9241663333333334 0.09562500000000002 0.04249999999999998
2 0.4181640625 0.5137496666666667 0.01937500000000003 0.02083400000000002
2 0.4675390625 0.52005175 0.01937500000000003 0.02583399999999984
2 0.6115234375 0.6475520833333334 0.0618749999999999 0.06749999999999996
2 0.7197265625 0.6139065833333334 0.06562500000000004 0.05166599999999999
2 0.7530078125 0.662083 0.07374999999999998 0.06416700000000002
2 0.9247265625 0.620417 0.06625000000000003 0.0625
2 0.9186328125 0.4009899166666666 0.04125000000000001 0.030833000000000037
2 0.9930078125 0.4664065833333333 0.011249999999999982 0.051666000000000066
