0 0.4501953125 0.4364446432748538 0.901875 0.339888
0 0.1653125 0.16393993567251464 0.32937500000000003 0.26872599999999996
0 0.5008203125 0.6440631695906434 0.995625 0.7088019999999999
0 0.4153515625 0.09902138011695907 0.37875 0.15730299999999997
0 0.3182421875 0.3238715438596491 0.179375 0.115168
0 0.3435546875 0.29865662573099416 0.16249999999999998 0.09363299999999997
0 0.5091015624999999 0.176818649122807 0.128125 0.08988699999999998
0 0.6362109375 0.038011695906432746 0.23312500000000003 0.078652
0 0.605234375 0.24329764912280702 0.16812499999999997 0.08895199999999999
0 0.66109375 0.18388245029239766 0.18062499999999992 0.138576
0 0.76953125 0.5256586374269007 0.13437500000000002 0.09175999999999994
0 0.874921875 0.560500216374269 0.24750000000000005 0.19756500000000007
0 0.8287109375 0.08119767251461989 0.13874999999999993 0.08239700000000001
0 0.9117578125 0.1678005789473684 0.166875 0.107677
0 0.9419140625 0.2740327777777778 0.11312500000000003 0.057115999999999986
0 0.9278515625 0.23600389473684208 0.06499999999999995 0.02902700000000004
