2 0.4990234375 0.8074480497803808 0.999375 0.230769
2 0.1 0.8498800614934114 0.06437499999999999 0.04784199999999991
2 0.151953125 0.873034448023426 0.06687500000000002 0.05816100000000004
2 0.204609375 0.9075590922401171 0.075625 0.07129499999999998
2 0.302109375 0.9038070922401171 0.07437499999999997 0.07317099999999993
2 0.3595703125 0.8607693499267937 0.026875000000000038 0.07879899999999995
2 0.4190625 0.8725524787701318 0.04749999999999999 0.07973700000000002
2 0.547890625 0.88621160761347 0.05125000000000002 0.08255100000000003
2 0.630625 0.8880876076134698 0.06312499999999999 0.08442800000000011
2 0.6602734375 0.8613655768667643 0.030625000000000013 0.059099000000000096
2 0.688828125 0.8132950614934115 0.03562500000000002 0.04784199999999991
2 0.743125 0.8832833499267935 0.06437499999999996 0.07692300000000017
2 0.7846484375 0.8841512518301611 0.030625000000000013 0.09756099999999991
2 0.9021875 0.8830989941434846 0.016249999999999987 0.09193300000000006
2 0.9354296875 0.8542724480234261 0.03874999999999995 0.05722300000000015
2 0.98671875 0.8857997364568082 0.024375000000000036 0.08630400000000006
