2 0.1365751875 0.6417478038067349 0.022499999999999992 0.04125000000000006
2 0.1701953125 0.6536401903367497 0.026666999999999996 0.05125000000000004
2 0.191432625 0.6384260614934114 0.020833000000000018 0.0487499999999999
2 0.2807685625 0.6536401903367497 0.03416600000000003 0.05249999999999994
2 0.3719795 0.6482467057101026 0.01749999999999996 0.0637499999999999
2 0.447265625 0.6501043191800878 0.02083299999999999 0.05375000000000001
2 0.4790751875 0.6508912884333821 0.02250000000000002 0.030000000000000013
2 0.5136455 0.647141288433382 0.016666999999999987 0.030000000000000096
2 0.5510283125 0.6819619326500732 0.026666999999999996 0.044999999999999936
2 0.5537890625 0.6340336749633968 0.019166999999999934 0.03875000000000001
2 0.6449345625 0.6436749633967789 0.03416699999999995 0.06750000000000003
2 0.697838875 0.6568173499267935 0.028333000000000053 0.07624999999999994
2 0.75369825 0.6434608345534407 0.039166000000000034 0.06625000000000004
2 0.79171875 0.6473554172767204 0.02416699999999994 0.032499999999999904
2 0.804817375 0.6198554172767203 0.04416700000000007 0.035000000000000045
2 0.8307939375 0.7022108345534407 0.04583400000000004 0.06499999999999997
2 0.8369795 0.6311054172767204 0.01749999999999996 0.03375000000000006
2 0.86755175 0.6764238653001463 0.025000000000000022 0.09000000000000012
2 0.9096484375 0.6474249633967789 0.030833 0.06749999999999995
2 0.9707685625 0.6717825768667642 0.03333300000000006 0.060000000000000026
2 0.9736455 0.6261054172767203 0.016666999999999987 0.03249999999999999
