2 0.40217827272727275 0.5925 0.146423 0.09375
2 0.12467532467532468 0.933203125 0.249584 0.130625
2 0.2 0.8175 0.4001660000000001 0.156875
2 0.0975650909090909 0.5869140625 0.18219599999999997 0.17437499999999995
2 0.12688414285714286 0.5194921875 0.08818600000000003 0.021874999999999978
2 0.21704110389610387 0.7091796875 0.20965 0.16249999999999998
2 0.18593236363636362 0.5586328125 0.12978400000000004 0.073125
2 0.3639155324675325 0.930234375 0.46672199999999997 0.13750000000000007
2 0.24080005194805193 0.4879296875 0.10648900000000004 0.07000000000000006
2 0.4140738961038961 0.9590625 0.39351100000000017 0.07937499999999997
2 0.34980658441558443 0.557890625 0.17054899999999998 0.05125000000000002
2 0.40301202597402597 0.6983984375 0.252912 0.12437500000000001
2 0.507373077922078 0.806796875 0.3569049999999999 0.18500000000000005
2 0.534740948051948 0.62375 0.09733800000000002 0.06437499999999996
2 0.7944767012987012 0.702109375 0.40266199999999996 0.16874999999999996
2 0.6780585324675326 0.6205859375 0.06572299999999995 0.10749999999999993
2 0.8261292597402599 0.8158984375 0.3203 0.09187499999999993
2 0.8553684415584415 0.8579296875 0.28535799999999995 0.16375000000000006
2 0.7982866753246753 0.515390625 0.152246 0.11499999999999999
2 0.7918532597402598 0.9659765625 0.12063199999999992 0.06562500000000004
2 0.8116775454545455 0.590546875 0.0931779999999999 0.05999999999999994
