2 0.813476875 0.5307578397711016 0.09082000000000001 0.08297600000000001
2 0.2285151875 0.868383530758226 0.17773500000000003 0.101574
2 0.28808575000000003 0.7095848397711016 0.08593799999999999 0.08297600000000001
2 0.3750001875 0.5879829942775393 0.05371099999999995 0.07725300000000007
2 0.529297 0.46065798283261805 0.283203 0.22603700000000002
2 0.5166014999999999 0.5765379942775393 0.10937500000000006 0.07725300000000007
2 0.5615235 0.5979969184549356 0.109375 0.06294700000000009
2 0.8554691875 0.25894107296137336 0.02343700000000004 0.05293300000000001
2 0.9365235625 0.10300391845493563 0.06542999999999999 0.06151699999999999
2 0.940430125 0.17739676108726754 0.06738199999999994 0.10872599999999999
2 0.9755859375 0.47067268526466377 0.045897999999999994 0.09298999999999996
2 0.982422 0.27324730329041486 0.03222599999999998 0.057225000000000026
