2 0.1521875 0.6520591054172766 0.2675 0.36866800000000005
2 0.0094140625 0.3641795768667643 0.01875 0.06097500000000001
2 0.038125 0.3714301229868228 0.06374999999999999 0.09474700000000003
2 0.07152343750000001 0.3536762210834553 0.02937499999999999 0.07504700000000004
2 0.131171875 0.3973543499267935 0.09062500000000001 0.078799
2 0.1134375 0.3422348653001464 0.048750000000000016 0.08818100000000004
2 0.156484375 0.26815280380673495 0.043125 0.041276
2 0.200078125 0.2928845768667643 0.06687500000000002 0.059099999999999986
2 0.1971484375 0.3400871903367496 0.030625000000000013 0.05065700000000002
2 0.2659765625 0.34283109224011715 0.09749999999999998 0.07129499999999998
2 0.29046875 0.28808031918008786 0.05625000000000002 0.05347099999999999
2 0.3695703125 0.5902334245973646 0.21375 0.419325
2 0.3430859375 0.30650054612005856 0.04625000000000001 0.035647000000000005
2 0.5830078125 0.26748826500732065 0.448125 0.393996
2 0.4007421875 0.3014418345534407 0.053749999999999964 0.06566600000000003
2 0.4876953125 0.3902794421669107 0.08937499999999998 0.148218
2 0.5773046875000001 0.6270210014641289 0.19374999999999992 0.479362
2 0.6858203125 0.5289503074670571 0.18312499999999998 0.2345210000000001
2 0.6576171875 0.44674879795021966 0.11625000000000008 0.13226999999999994
2 0.701171875 0.32449918448023424 0.09125000000000005 0.14165100000000005
2 0.7870703125 0.6765728667642752 0.181875 0.567542
2 0.75578125 0.28596808638360177 0.10250000000000004 0.16228900000000002
2 0.82703125 0.34200734992679355 0.040000000000000036 0.07692300000000005
2 0.9443359375 0.4852462401171303 0.10875000000000001 0.28048799999999996
