0 0.086796875 0.905823926713948 0.058750000000000004 0.069697
0 0.14261718750000002 0.8864921914893618 0.053750000000000006 0.08787900000000003
0 0.146640625 0.8804321914893617 0.05124999999999999 0.08636299999999997
0 0.242890625 0.8821293238770687 0.05250000000000002 0.09696999999999996
0 0.29078125 0.8787340591016549 0.03937499999999999 0.08030299999999997
0 0.40484375 0.8784333900709219 0.15000000000000002 0.10151500000000006
0 0.585859375 0.8794645886524822 0.13812500000000005 0.11363700000000009
0 0.68765625 0.8700083238770685 0.13437500000000002 0.09848500000000013
0 0.757265625 0.8717064562647754 0.1449999999999999 0.10454499999999999
0 0.8500390625 0.8717064562647754 0.14312499999999995 0.10454499999999999
