2 0.6907421875 0.8098961666666668 0.17937499999999995 0.16249999999999995
2 0.0673046875 0.6822395833333333 0.06874999999999999 0.050000000000000044
2 0.1527734375 0.6397395833333334 0.06062500000000001 0.05166700000000005
2 0.169375 0.5910416666666666 0.06437500000000002 0.053333000000000075
2 0.2680859375 0.7069788333333333 0.139375 0.05833400000000003
2 0.2712109375 0.5888024166666667 0.07749999999999999 0.04499999999999993
2 0.353203125 0.6352086666666666 0.06812499999999999 0.054165999999999936
2 0.38578125 0.4690621666666666 0.03999999999999998 0.036667000000000005
2 0.4066796875 0.43338575 0.03749999999999998 0.025832999999999995
2 0.4370703125 0.482292 0.026249999999999996 0.03250000000000005
2 0.4441796875 0.4605208333333333 0.03875000000000001 0.02749999999999993
2 0.484609375 0.6541663333333334 0.04312499999999997 0.04333399999999991
2 0.61890625 0.6622399166666666 0.10187500000000005 0.0925000000000001
2 0.6259765625 0.4551559166666666 0.03500000000000003 0.029167000000000016
2 0.6364453125 0.5111458333333333 0.026874999999999982 0.05833299999999997
2 0.7560546875 0.7281770833333333 0.16312499999999996 0.09833300000000007
