2 0.00390625 0.3875517499999999 0.009375 0.024167000000000122
2 0.0107421875 0.36317741666666664 0.023125 0.01500000000000005
2 0.0217578125 0.4453642500000001 0.042499999999999996 0.04083399999999996
2 0.0226171875 0.3436455 0.021875000000000002 0.017499999999999998
2 0.032343750000000004 0.3532815833333333 0.024999999999999998 0.01916600000000009
2 0.1086328125 0.4470315833333333 0.07375 0.08250000000000002
2 0.14992187499999998 0.6036458333333333 0.09125000000000001 0.059167000000000046
2 0.1890625 0.43953125 0.048750000000000016 0.040000000000000036
2 0.19671875 0.48322916666666665 0.05562500000000001 0.03833300000000003
2 0.19375 0.3903125 0.0325 0.01750000000000007
2 0.225 0.607917 0.06312500000000001 0.06416599999999995
2 0.226015625 0.5116663333333333 0.05125000000000002 0.04333399999999991
2 0.2251171875 0.4091145833333334 0.021874999999999978 0.019999999999999945
2 0.229296875 0.37671875 0.027499999999999997 0.025832999999999995
2 0.2552734375 0.5877086666666668 0.061874999999999986 0.05333299999999993
2 0.2485546875 0.40718783333333336 0.037500000000000006 0.027500000000000007
2 0.2444921875 0.42489616666666663 0.023125000000000007 0.03750000000000001
2 0.2697265625 0.47359408333333336 0.03500000000000003 0.035833000000000004
2 0.2732421875 0.4414580000000001 0.023125000000000007 0.0324999999999999
2 0.3716796875 0.45598925 0.19499999999999995 0.196667
2 0.35453125 0.6752604166666666 0.070625 0.07583300000000004
2 0.580703125 0.5543753333333333 0.286875 0.3875
2 0.6618359375 0.657917 0.04562500000000003 0.0625
2 0.7046875 0.7319274166666666 0.109375 0.07750000000000012
2 0.7501171875 0.5309899166666666 0.053749999999999964 0.030833000000000037
2 0.751875 0.6029684166666667 0.032500000000000084 0.04583400000000001
2 0.820078125 0.57151075 0.06687500000000002 0.055000000000000014
2 0.8392578125 0.6179684166666667 0.041874999999999996 0.045000000000000005
2 0.8908984375 0.587917 0.06187500000000001 0.06333299999999993
2 0.9208203125 0.72598925 0.08812500000000001 0.07083399999999991
2 0.9816015625 0.6742705 0.034375000000000044 0.04833399999999995
