2 0.2517578125 0.5716881229868228 0.07374999999999998 0.09465799999999998
2 0.308125 0.7088748345534407 0.06437500000000002 0.06560400000000005
2 0.4058984375 0.5870979326500732 0.02937500000000004 0.045923
2 0.499765625 0.43421667496339683 0.05125000000000002 0.03842499999999994
2 0.500859375 0.47726757686676435 0.043749999999999956 0.05998099999999998
2 0.5377734375 0.34570880380673497 0.030625000000000013 0.04217400000000005
2 0.5490625 0.3978981903367496 0.04874999999999996 0.05061
2 0.55828125 0.45114283455344073 0.04062500000000002 0.06560399999999997
2 0.6415625 0.5083719326500732 0.046875 0.04404899999999999
2 0.650859375 0.4731087057101025 0.043749999999999956 0.06185500000000007
2 0.790859375 0.5230132210834554 0.04312499999999997 0.07497700000000002
2 0.8059765625 0.4495013499267936 0.03374999999999995 0.07685100000000002
2 0.935390625 0.49841270571010254 0.05125000000000002 0.06279299999999996
2 0.93875 0.5655980922401171 0.03312500000000007 0.07310200000000003
