2 0.05203225 0.2530211666666667 0.103189 0.44416600000000006
2 0.19360975 0.38505208333333335 0.337086 0.31750000000000006
2 0.4116395 0.6617704999999999 0.579112 0.6733340000000001
2 0.4001570625 0.3348955 0.424015 0.20499999999999993
2 0.4326208125 0.1763545 0.10381499999999999 0.235833
2 0.5205173750000001 0.18994758333333336 0.13821100000000003 0.26999999999999996
2 0.7920456875 0.3385416666666667 0.413384 0.6774999999999999
2 0.81523875 0.6829690833333334 0.36773 0.63
2 0.781719 0.15979166666666667 0.0637899999999999 0.116667
2 0.80782175 0.1975 0.08692900000000003 0.12750000000000003
2 0.9316728125 0.16911491666666667 0.135085 0.18749999999999997
2 0.8934766875 0.16145866666666667 0.03752299999999997 0.11666599999999999
2 0.9653095625 0.21833366666666665 0.06629200000000002 0.20999999999999996
