2 0.34671875 0.5377086666666666 0.1175 0.178333
2 0.033203125 0.4180729166666666 0.0675 0.09166700000000001
2 0.0931640625 0.4399996666666666 0.04999999999999999 0.08583400000000004
2 0.12843749999999998 0.53890625 0.11125 0.134167
2 0.0985546875 0.42921908333333336 0.03749999999999999 0.06583300000000003
2 0.1877734375 0.4930204999999999 0.06062500000000001 0.11000000000000003
2 0.4424609375 0.4740100833333334 0.07750000000000001 0.09833399999999999
2 0.4625390625 0.483333 0.04999999999999999 0.12749999999999995
2 0.6431640625 0.49276075 0.04937499999999995 0.11749999999999994
2 0.66703125 0.5201041666666667 0.07062500000000005 0.13083300000000006
2 0.6589453125 0.4264065833333333 0.02562500000000001 0.04999999999999997
2 0.723203125 0.47901008333333334 0.0681250000000001 0.09666699999999999
2 0.7755859375 0.48515658333333334 0.07624999999999993 0.11250000000000004
2 0.8803125 0.5134371666666667 0.11124999999999996 0.13083399999999998
