2 0.90140625 0.5417522809315866 0.16500000000000004 0.34575900000000004
2 0.114453125 0.2355530116448326 0.16125 0.29636500000000005
2 0.236328125 0.32629963609898105 0.16125 0.31314099999999995
2 0.3883203125 0.38016632168850073 0.21375 0.3737189999999999
2 0.44921875 0.49077713391557504 0.27437500000000004 0.3821059999999999
2 0.5837109375 0.2603507176128093 0.23312500000000003 0.369991
2 0.704609375 0.21239722416302767 0.07437499999999997 0.16216200000000003
2 0.7377734375 0.39125378311499265 0.09187499999999993 0.27492999999999995
2 0.792265625 0.2909033056768559 0.176875 0.219945
2 0.7938671875 0.46230386462882095 0.11562500000000009 0.332712
