2 0.13722656249999998 0.7906568245614036 0.033750000000000016 0.045879999999999886
2 0.2073046875 0.8693577192982456 0.03812499999999999 0.07116100000000002
2 0.213125 0.6494508830409358 0.03187499999999999 0.029962999999999896
2 0.2375 0.621656918128655 0.03187499999999999 0.020599999999999983
2 0.298671875 0.817333730994152 0.02812500000000001 0.0674160000000001
2 0.3767578125 0.71241583625731 0.04125000000000001 0.04213400000000001
2 0.3993359375 0.7616298245614035 0.04624999999999996 0.04400799999999983
2 0.5605078125 0.8955248245614036 0.07250000000000001 0.04588099999999985
2 0.8065625 0.7814738830409357 0.07874999999999999 0.030898999999999965
2 0.8493359375 0.9200346959064327 0.07687500000000003 0.07865100000000015
2 0.877578125 0.7184438479532164 0.03562500000000002 0.038389999999999994
2 0.984921875 0.8442567777777777 0.028125000000000067 0.05805300000000002
