2 0.32739583333333333 0.670703125 0.12000000000000004 0.19187500000000002
2 0.20291666666666666 0.8015234375 0.14833300000000002 0.28
2 0.3360934166666667 0.5374609375 0.0774999999999999 0.04562500000000003
2 0.465833 0.7121484375 0.12750000000000003 0.21687500000000004
2 0.45015625 0.4378515625 0.07083300000000008 0.06624999999999998
2 0.45682325 0.48328125 0.07250000000000001 0.04062500000000002
2 0.5619274166666667 0.49328125 0.0774999999999999 0.03937500000000005
2 0.5621878333333333 0.3791015625 0.02750000000000008 0.03437499999999999
2 0.6302604166666667 0.4755078125 0.07750000000000005 0.04249999999999998
2 0.7141145833333332 0.5640234375 0.14333300000000002 0.06125000000000003
2 0.6748961666666666 0.4066015625 0.03833300000000003 0.03437499999999999
2 0.7052604166666666 0.485546875 0.07749999999999997 0.027500000000000024
2 0.74755175 0.409453125 0.02500000000000006 0.03562500000000002
2 0.82625 0.4429296875 0.06416699999999986 0.03749999999999998
2 0.8682291666666666 0.4262109375 0.036667000000000005 0.04625000000000001
