2 0.7021962851405622 0.70151025 0.16125 0.102918
2 0.09843875502008032 0.49868925 0.095625 0.07050299999999998
2 0.13586596385542168 0.8726998333333333 0.12062500000000001 0.12074499999999988
2 0.2753739959839358 0.451833 0.12624999999999997 0.06402000000000004
2 0.27649096385542166 0.6364806666666666 0.12062499999999998 0.08427800000000014
2 0.5391566265060241 0.36659825 0.079375 0.07050299999999998
2 0.6001280120481928 0.951251 0.1275000000000001 0.0948140000000001
2 0.6271686746987951 0.8259893333333332 0.08500000000000008 0.10453800000000009
2 0.7514708835341366 0.483438 0.11187499999999989 0.063209
2 0.7640436746987952 0.41843483333333337 0.08437499999999991 0.058347
2 0.8746285140562249 0.4959119166666666 0.0662499999999999 0.06158900000000004
2 0.9288102409638553 0.06103341666666667 0.030625000000000055 0.04457
2 0.9816892570281124 0.4821359166666666 0.03375000000000012 0.06158800000000005
2 0.9875401606425703 0.87087825 0.021875000000000023 0.10291800000000013
