2 0.0633984375 0.8604684166666666 0.061875 0.045000000000000075
2 0.1583203125 0.6337496666666667 0.02562500000000001 0.020834000000000092
2 0.1775390625 0.8430725833333333 0.050624999999999976 0.051666999999999984
2 0.2052734375 0.87786425 0.06125 0.04083399999999996
2 0.21546875 0.5841145833333333 0.024375000000000008 0.02083300000000003
2 0.21671875 0.7359899166666666 0.024375000000000008 0.030833000000000037
2 0.2663671875 0.816458 0.05437500000000001 0.0324999999999999
2 0.2805859375 0.682292 0.044999999999999984 0.0324999999999999
2 0.2811328125 0.635625 0.04125000000000001 0.03250000000000005
2 0.28109375 0.7541663333333334 0.02375000000000005 0.041667000000000044
2 0.2926953125 0.5668753333333334 0.025624999999999953 0.011665999999999954
2 0.3290625 0.5374475833333334 0.01687500000000003 0.019166999999999934
2 0.3389453125 0.8229684166666668 0.026249999999999996 0.04499999999999993
2 0.3501171875 0.7398961666666666 0.023125000000000007 0.03750000000000009
2 0.37921875 0.7094270833333334 0.025000000000000022 0.03583299999999993
2 0.4173046875 0.7835940833333334 0.03875000000000001 0.034166000000000064
2 0.458671875 0.5956774166666666 0.02749999999999997 0.01500000000000005
2 0.469296875 0.5566145833333334 0.02812500000000001 0.020832999999999952
2 0.467890625 0.70119825 0.020625000000000004 0.03999999999999989
2 0.5008203124999999 0.6173961666666666 0.025625000000000064 0.03833299999999995
2 0.5257421875 0.7627086666666667 0.02312499999999995 0.053333
2 0.5636328125 0.7101559166666668 0.041874999999999996 0.03083399999999988
2 0.5696875 0.7512496666666667 0.04874999999999996 0.02333400000000004
2 0.5940234375 0.8272395833333333 0.030000000000000027 0.05000000000000012
2 0.671015625 0.70421875 0.020625000000000004 0.025832999999999995
2 0.6855859375 0.65088575 0.014375000000000027 0.025832999999999995
