2 0.0078125 0.8185940833333333 0.015625 0.03583300000000008
2 0.0146484375 0.9129684166666667 0.03 0.04499999999999993
2 0.0389453125 0.9432291666666668 0.056875 0.03666699999999986
2 0.12589843750000002 0.9870836666666666 0.029375 0.022500000000000114
2 0.38640625 0.9843229166666667 0.07124999999999998 0.029167000000000016
2 0.539765625 0.9016663333333333 0.05249999999999999 0.04249999999999998
2 0.60125 0.96036425 0.06437500000000007 0.03999999999999989
2 0.5851953125 0.9899475833333332 0.026874999999999982 0.018334000000000145
2 0.6760546875 0.9096354166666666 0.03749999999999998 0.045000000000000075
2 0.7078515625 0.9527600833333333 0.03499999999999992 0.034999999999999996
2 0.7840625 0.9241663333333334 0.046875 0.04249999999999998
2 0.795546875 0.8369270833333333 0.028125000000000067 0.034999999999999996
2 0.853671875 0.8338024166666668 0.028125000000000067 0.04666599999999995
