2 0.69265625 0.30674628257686676 0.07125000000000004 0.12007499999999999
2 0.010390625 0.052918932650073205 0.02 0.045966
2 0.021953125 0.07900157686676428 0.036875000000000005 0.060037000000000014
2 0.0303125 0.06481631918008786 0.0475 0.05347
2 0.0941015625 0.056670932650073204 0.034375 0.04409
2 0.10875 0.13130606149341142 0.06374999999999999 0.04971799999999999
2 0.13546875 0.08714596339677892 0.056249999999999994 0.06754199999999999
2 0.1400390625 0.03299141727672035 0.01874999999999999 0.032833
2 0.1580859375 0.02443415959004392 0.014374999999999999 0.027205
2 0.1639453125 0.05145480380673499 0.02687500000000001 0.04221400000000001
2 0.20078125 0.052507061493411424 0.03937499999999999 0.047841999999999996
2 0.2234375 0.12961341727672035 0.04874999999999999 0.03470999999999998
2 0.230390625 0.035094932650073206 0.020625000000000004 0.045028
2 0.2740625 0.32738428257686675 0.078125 0.12101299999999997
2 0.2582421875 0.12316167496339678 0.021874999999999978 0.038460999999999995
2 0.273046875 0.05520680380673499 0.028124999999999956 0.04221400000000001
2 0.26578125 0.03223677306002928 0.00874999999999998 0.018762
2 0.3290234375 0.08087757686676428 0.029374999999999984 0.06003699999999999
2 0.3562890625 0.05813506149341142 0.018125000000000002 0.047843000000000004
2 0.3740234375 0.07213696339677893 0.030625000000000013 0.067542
2 0.3896484375 0.20575683455344074 0.06125000000000003 0.064728
2 0.419296875 0.06609609224011713 0.06 0.07129399999999998
2 0.413359375 0.027774288433382137 0.013125000000000053 0.030957
2 0.4703125 0.34179705563689605 0.10999999999999999 0.138837
2 0.4249609375 0.03809328843338214 0.014999999999999958 0.03189499999999999
2 0.442109375 0.04724677306002929 0.012499999999999956 0.019698999999999994
2 0.464921875 0.08094767496339678 0.02812500000000001 0.038461000000000016
2 0.4808203125 0.06293931918008785 0.057499999999999996 0.05347099999999999
2 0.6055859375 0.04763270571010249 0.04500000000000004 0.063789
2 0.6441796875 0.056487576866764276 0.038124999999999964 0.059099000000000006
2 0.65890625 0.027818448023426062 0.039999999999999925 0.058161
2 0.6909765625 0.04312606149341142 0.034375000000000044 0.04784200000000001
2 0.7415234375 0.03434128843338214 0.02937499999999993 0.03189499999999999
2 0.7582421875 0.007320644216691069 0.021874999999999978 0.015009
2 0.7835546875 0.07426641727672034 0.03874999999999995 0.033771
2 0.7915234375 0.007320644216691069 0.02937500000000004 0.015009
2 0.8132421875 0.20902686530014644 0.053749999999999964 0.08911799999999998
2 0.8548046875 0.24538434992679356 0.09999999999999998 0.076923
2 0.8258984375 0.03404267496339678 0.02937499999999993 0.040338
2 0.88609375 0.1906777364568082 0.05499999999999994 0.08630400000000002
2 0.9798046875 0.2705731537335286 0.038124999999999964 0.11913599999999996
