0 0.2390625 0.3986455 0.015625 0.015833999999999977
0 0.2555078125 0.39901041666666665 0.010624999999999996 0.014166999999999966
0 0.29703125 0.38276008333333333 0.07187499999999997 0.035834
0 0.425 0.39718783333333335 0.03250000000000003 0.027500000000000007
0 0.463046875 0.3979166666666667 0.028749999999999998 0.022499999999999964
0 0.49875 0.39755175000000004 0.03125 0.024166999999999977
0 0.5316796875 0.3986455 0.03749999999999998 0.015833999999999977
0 0.6918359375 0.3969795 0.0462499999999999 0.01583300000000006
0 0.751875 0.3969795 0.03125 0.017499999999999998
0 0.8815625 0.44208333333333333 0.235 0.23083299999999995
