2 0.7494140625 0.30192741666666667 0.14437500000000003 0.2025
2 0.0553125 0.41911458333333335 0.07875 0.14500000000000002
2 0.091875 0.3825 0.064375 0.12750000000000003
2 0.141875 0.40802049999999995 0.09562499999999999 0.11166700000000003
2 0.1487109375 0.5156246666666666 0.07625000000000001 0.116667
2 0.195 0.4485413333333333 0.09562499999999999 0.135834
2 0.2048828125 0.5726565833333334 0.10375000000000001 0.11333300000000006
2 0.2755859375 0.51286425 0.10812500000000003 0.16499999999999995
2 0.359765625 0.5431253333333333 0.14500000000000002 0.2000000000000001
2 0.391015625 0.3725003333333334 0.11375000000000002 0.16916599999999993
2 0.4602734375 0.5936458333333333 0.12374999999999997 0.1841670000000001
2 0.4858984375 0.39328158333333335 0.12437499999999996 0.14333300000000002
2 0.5402734375 0.8159378333333334 0.15500000000000003 0.21583300000000008
2 0.546015625 0.08333333333333333 0.145625 0.166667
2 0.57609375 0.5131767500000001 0.15000000000000002 0.18083400000000002
2 0.7700390625 0.9209899166666666 0.17562500000000003 0.1550000000000001
