0 0.112890625 0.42140625 0.208125 0.134167
0 0.2003125 0.389375 0.23625000000000002 0.09499999999999997
0 0.1848046875 0.39213575 0.16312499999999996 0.088333
0 0.48160156249999997 0.5145833333333334 0.5975 0.23083299999999993
0 0.3456640625 0.4000000000000001 0.174375 0.12749999999999995
0 0.4971875 0.34499966666666665 0.171875 0.08416700000000003
0 0.5001171875 0.394375 0.17812499999999998 0.09500000000000004
0 0.6034375 0.39833366666666664 0.20375 0.08583300000000005
0 0.68875 0.3449479166666667 0.18937500000000007 0.05999999999999998
0 0.7015234375 0.253125 0.06187500000000001 0.03250000000000005
0 0.81375 0.401667 0.21875 0.12750000000000003
0 0.8836328125 0.37005175 0.22999999999999998 0.15
