2 0.375 0.8290100833333334 0.09562500000000002 0.0966669999999999
2 0.05078125 0.75130175 0.101875 0.08750000000000006
2 0.06875 0.7241666666666666 0.09437500000000001 0.08583300000000005
2 0.1664453125 0.6323955 0.05687500000000001 0.07916699999999999
2 0.254609375 0.6886975833333334 0.136875 0.080834
2 0.25203125000000004 0.6274996666666667 0.04000000000000001 0.08333399999999995
2 0.4721875 0.6960934166666667 0.08000000000000007 0.07749999999999997
2 0.5621875 0.7211458333333334 0.1100000000000001 0.05916699999999997
2 0.7796484375 0.8273440833333333 0.15500000000000003 0.09666599999999992
2 0.8130859375 0.624583 0.10875000000000001 0.06333399999999993
2 0.8238671875 0.7234378333333332 0.08499999999999996 0.0908330000000001
2 0.847109375 0.8095309166666667 0.10624999999999996 0.12333399999999999
2 0.944296875 0.844583 0.09124999999999994 0.0625
