2 0.6564453125 0.6512517979502197 0.08937499999999998 0.1332079999999999
2 0.0113671875 0.6216975461200586 0.0225 0.03658499999999998
2 0.1280859375 0.5178152825768668 0.108125 0.12101299999999993
2 0.1294921875 0.6484637364568082 0.084375 0.08630400000000006
2 0.161796875 0.48166809224011714 0.06 0.07317100000000001
2 0.220546875 0.6141224480234261 0.05875 0.05628499999999992
2 0.2969140625 0.5961582518301611 0.08187499999999998 0.09849899999999998
2 0.325 0.4749177364568082 0.09375 0.08724200000000004
2 0.316953125 0.6463592210834553 0.0675 0.07504700000000004
2 0.439296875 0.6386880863836017 0.15375 0.16322699999999998
2 0.4851953125 0.4084970922401171 0.08812500000000006 0.07317099999999997
2 0.5262890625000001 0.5217516383601757 0.14375 0.106004
2 0.6205859375 0.48118612298682284 0.10875000000000001 0.09474699999999998
2 0.6790234375 0.41453796339677895 0.09249999999999992 0.06754199999999994
2 0.7051953125 0.4994219941434846 0.08875 0.091932
2 0.798125 0.6895995402635432 0.09499999999999997 0.12757900000000008
2 0.910390625 0.4354034787701318 0.11375000000000002 0.08067599999999996
2 0.8689453125 0.5656400614934114 0.02562500000000001 0.04784200000000008
2 0.8984375 0.5895039326500733 0.016874999999999973 0.04408999999999993
2 0.9444921875 0.5533048653001464 0.08437499999999998 0.08911799999999999
2 0.9342578125 0.6223369326500732 0.04125000000000001 0.04596600000000004
