2 0.0205078125 0.5520836666666668 0.041016 0.08463500000000002
2 0.0654295 0.48046875 0.07910199999999999 0.055989999999999984
2 0.1640625625 0.5065106666666667 0.03417999999999999 0.054687000000000006
2 0.3759765 0.7291669166666667 0.046875 0.028646000000000022
2 0.385742375 0.5364588333333332 0.043944999999999956 0.02864500000000003
2 0.42871075 0.5416663333333332 0.023438000000000014 0.041667000000000044
2 0.4501955 0.7265622500000001 0.046875 0.04036499999999984
2 0.4531251875 0.5442709166666666 0.023436999999999986 0.029948000000000013
2 0.4833984375 0.5690100833333332 0.030272999999999994 0.03515700000000003
2 0.5917968125 0.766927 0.07324199999999992 0.03125
2 0.7851565625 0.748698 0.035155999999999965 0.03385400000000013
2 0.89941375 0.8489579166666666 0.055663999999999936 0.059896000000000026
