2 0.7168359375 0.7178125 0.20125000000000004 0.266667
2 0.1010546875 0.399375 0.1625 0.22000000000000006
2 0.1287109375 0.6407288333333333 0.16999999999999998 0.24499999999999997
2 0.22355468750000002 0.8740628333333333 0.22625 0.24666599999999997
2 0.225625 0.27203125 0.15625000000000003 0.16499999999999995
2 0.29695312500000004 0.4456770833333334 0.19249999999999998 0.22166699999999998
2 0.4228515625 0.6294795000000001 0.22124999999999995 0.2666659999999999
2 0.39578125 0.26395833333333335 0.16500000000000004 0.19833300000000006
2 0.4924609375 0.89046875 0.23250000000000004 0.213333
2 0.5292578125 0.1492705 0.16625000000000006 0.173334
2 0.596171875 0.4947916666666667 0.21499999999999997 0.24166699999999994
2 0.5987109375 0.29447883333333336 0.17125 0.1833339999999999
2 0.711875 0.9437503333333334 0.15749999999999997 0.106666
2 0.769140625 0.18979166666666666 0.17625000000000002 0.241667
2 0.7844140625 0.42875 0.17500000000000004 0.19000000000000003
2 0.905546875 0.89932325 0.18500000000000005 0.196666
2 0.915078125 0.6611455 0.16125 0.266667
2 0.919375 0.3585416666666667 0.15625 0.178333
2 0.9485546875 0.17796841666666666 0.09999999999999998 0.17166700000000001
