2 0.16859375 0.4657503451327433 0.118125 0.10670500000000004
2 0.045390625000000004 0.31207423008849555 0.05124999999999999 0.07365500000000003
2 0.0721484375 0.3372730088495575 0.06187499999999999 0.08026500000000003
2 0.0699609375 0.3900996725663717 0.045625 0.05476799999999994
2 0.105 0.28894382005899705 0.033125 0.04815799999999997
2 0.2103515625 0.650642796460177 0.22124999999999997 0.16902800000000007
2 0.123828125 0.33243515634218285 0.036875000000000005 0.07554300000000004
2 0.1643359375 0.352858598820059 0.046249999999999986 0.058546000000000036
2 0.233203125 0.4027805663716814 0.09875 0.09820599999999999
2 0.1995703125 0.32577082005899705 0.02562499999999998 0.04815900000000001
2 0.2560546875 0.3819512300884956 0.10125 0.07176599999999998
2 0.3283984375 0.4713076725663717 0.02937500000000004 0.05476899999999998
2 0.329375 0.36678889380530977 0.03187500000000004 0.04626999999999996
2 0.3435546875 0.41919230383480827 0.03749999999999998 0.06987699999999997
2 0.38734375 0.37121367256637167 0.05499999999999999 0.055712999999999964
2 0.4050390625 0.42314967256637165 0.049375 0.05382400000000004
2 0.41671875 0.5355658289085545 0.05624999999999997 0.12747800000000004
2 0.444296875 0.42255623008849563 0.06 0.073654
2 0.48984375 0.4021327876106195 0.05499999999999994 0.08876299999999998
2 0.592578125 0.4337078613569321 0.036250000000000004 0.08687400000000002
2 0.629765625 0.5233605250737463 0.05125000000000002 0.05948999999999994
2 0.70734375 0.48694759882005895 0.05499999999999994 0.05760100000000006
