2 0.22792347940865892 0.4370703125 0.09527099999999995 0.05812499999999998
2 0.2899568511087645 0.4978125 0.072297 0.07874999999999999
2 0.32918708764519533 0.269375 0.058783000000000016 0.03125
2 0.3611541890179515 0.5224609375 0.05135099999999998 0.07687500000000003
2 0.39819447940865893 0.4289453125 0.095946 0.05687500000000001
2 0.43704029039070746 0.2296875 0.04459400000000008 0.04749999999999999
2 0.5136058511087644 0.4250390625 0.07229700000000007 0.04999999999999999
2 0.6051168848996833 0.380703125 0.07027100000000003 0.036250000000000004
2 0.7915591890179514 0.213984375 0.051352000000000037 0.044375
2 0.9516092565997889 0.1747265625 0.04797299999999988 0.03437500000000002
