2 0.9417578125 0.9145269683794467 0.073125 0.11214099999999995
2 0.0185546875 0.7886301686429512 0.0375 0.0784140000000001
2 0.0234375 0.8884403069828722 0.04875 0.09359200000000004
2 0.0169140625 0.6480822305665349 0.018125 0.027824999999999978
2 0.038515625 0.7012559380764163 0.02 0.050590000000000065
2 0.063671875 0.8033326455862977 0.027499999999999997 0.07588500000000002
2 0.075859375 0.7384609841897234 0.044375000000000005 0.057334999999999935
2 0.0709375 0.5847391844532279 0.015625 0.022765999999999956
2 0.0854296875 0.720068368906456 0.03749999999999999 0.04300199999999997
2 0.0851171875 0.6458166613965745 0.023125000000000007 0.021078999999999935
2 0.0848828125 0.6232617536231885 0.011249999999999996 0.029510999999999905
2 0.09171875 0.583053184453228 0.024374999999999994 0.022764999999999935
2 0.12 0.8433301225296442 0.06375 0.07251300000000002
2 0.121640625 0.9428778300395257 0.05249999999999999 0.09527800000000003
2 0.113125 0.6675812766798419 0.03125 0.03288299999999998
2 0.1187109375 0.6058181844532279 0.014999999999999986 0.021923000000000033
2 0.13374999999999998 0.7754549380764163 0.031875 0.05058999999999991
2 0.1365625 0.6839697536231885 0.017499999999999988 0.029511000000000127
2 0.1483984375 0.7232839841897233 0.029374999999999984 0.056492000000000014
2 0.1448828125 0.6133011383399211 0.011249999999999982 0.017706999999999862
2 0.16859375 0.8998744611330699 0.05625000000000002 0.054807000000000036
2 0.1596484375 0.7897365994729908 0.029375000000000012 0.070826
2 0.1628515625 0.8457013689064559 0.03375 0.04384400000000002
2 0.1600390625 0.629322138339921 0.018125000000000002 0.016862999999999916
2 0.17234375 0.7279207997364954 0.024375000000000008 0.03456999999999993
2 0.1819140625 0.6685816613965745 0.019375000000000003 0.020235999999999935
2 0.17828125 0.5892186152832675 0.008124999999999993 0.014333999999999989
2 0.18203125 0.6153566152832675 0.009374999999999994 0.014333999999999915
2 0.2021484375 0.7647563689064558 0.029375000000000012 0.043002000000000117
2 0.205078125 0.8411172608695653 0.03562499999999999 0.08769000000000009
2 0.1987890625 0.6491886613965745 0.019375000000000003 0.01939300000000001
2 0.2000390625 0.7271828458498024 0.019375000000000003 0.041315000000000095
2 0.2312890625 0.7336130764163372 0.05000000000000002 0.06745299999999999
2 0.2171875 0.6149881383399209 0.016249999999999987 0.016019999999999916
2 0.22578125 0.6001796152832675 0.009375000000000022 0.013490999999999989
2 0.233984375 0.6170426152832674 0.011874999999999997 0.014334000000000064
2 0.2419921875 0.6364356152832674 0.022499999999999964 0.015176999999999989
2 0.25871093749999996 0.8314724150197628 0.046249999999999986 0.04974700000000014
2 0.2765625 0.9186892608695651 0.078125 0.08769000000000009
2 0.2475390625 0.6559346613965744 0.019375000000000003 0.01939300000000001
2 0.2818359375 0.8844350303030304 0.076875 0.060707999999999956
2 0.254609375 0.6061876613965744 0.013125000000000026 0.02023600000000001
2 0.2662109375 0.622471092226614 0.014999999999999958 0.012646999999999967
2 0.2795703125 0.7788269380764163 0.02562500000000001 0.050590000000000065
2 0.2840234375 0.7116363689064558 0.030625000000000013 0.04468900000000014
2 0.278984375 0.6407576613965744 0.013124999999999998 0.02023600000000001
2 0.294296875 0.6615732305665349 0.02749999999999997 0.027824999999999905
2 0.2968359375 0.6237886152832675 0.015000000000000013 0.014333999999999989
2 0.310859375 0.6448676152832674 0.011875000000000024 0.015176999999999989
2 0.3274609375 0.8061787839262188 0.044999999999999984 0.09106199999999993
2 0.328203125 0.7178027997364954 0.03562500000000002 0.03625600000000007
2 0.33125 0.7296067997364954 0.033125000000000016 0.03625600000000007
2 0.3327734375 0.6570937997364954 0.029374999999999984 0.03625699999999995
2 0.3334375 0.5960696613965745 0.01687500000000003 0.02023600000000001
2 0.3408203125 0.7516348458498024 0.02562500000000001 0.03962899999999995
2 0.3603515625 0.8656753069828722 0.06562499999999999 0.09359100000000001
2 0.3537890625 0.6020767075098814 0.01937500000000003 0.025294999999999956
2 0.36046875 0.7797759841897233 0.02437499999999998 0.055648999999999935
2 0.3628125 0.6508756613965745 0.01687500000000003 0.01939300000000001
2 0.3682421875 0.7292383227931489 0.021875000000000033 0.03794200000000007
2 0.3890234375 0.7689200303030302 0.030625000000000013 0.06239499999999998
2 0.38328125 0.6542476613965744 0.009374999999999967 0.021080000000000033
2 0.393046875 0.6251061383399209 0.028124999999999956 0.016020000000000065
2 0.39625 0.713323368906456 0.03250000000000003 0.04300199999999997
2 0.3950390625 0.6743786152832675 0.018750000000000044 0.013491000000000064
2 0.41734375 0.7920545072463767 0.05624999999999997 0.058179000000000036
2 0.4011328125 0.571775046113307 0.010000000000000009 0.006744999999999946
2 0.416171875 0.9654840764163373 0.028124999999999956 0.06661099999999992
2 0.425078125 0.7733994611330698 0.036250000000000004 0.053962999999999935
2 0.416484375 0.5817356613965745 0.012499999999999956 0.01939300000000001
2 0.4245703125 0.7254968458498023 0.026874999999999982 0.03962899999999995
2 0.434609375 0.8763728761528327 0.044375 0.10202400000000007
2 0.44 0.7012022305665349 0.033125000000000016 0.027825000000000055
2 0.435390625 0.6264236613965745 0.020625000000000004 0.021078999999999935
2 0.4391796875 0.5723546152832675 0.007499999999999951 0.015176999999999989
2 0.4448828125 0.5984936152832675 0.011249999999999982 0.015176999999999989
2 0.4551953125 0.7205965994729908 0.026874999999999982 0.06914000000000001
2 0.4565625 0.666526184453228 0.01687500000000003 0.023608999999999956
2 0.4707421875 0.8248861686429513 0.021874999999999978 0.07672799999999995
2 0.4719140625 0.6086116152832675 0.01874999999999999 0.015176999999999989
2 0.46953125 0.5932235230566535 0.00874999999999998 0.005058999999999946
2 0.4734375 0.5631856613965744 0.016249999999999987 0.01855000000000001
2 0.50953125 0.9434573992094861 0.07062500000000005 0.10371000000000008
2 0.49375 0.7442569380764164 0.03312499999999996 0.05058999999999991
2 0.4909375 0.626792138339921 0.016874999999999973 0.01770700000000001
2 0.49265625 0.5858456152832675 0.00874999999999998 0.014333999999999989
2 0.507265625 0.6595177536231883 0.02062499999999995 0.029511000000000055
2 0.511171875 0.8044390764163373 0.02812500000000001 0.06745299999999999
2 0.513515625 0.7229145072463768 0.020625000000000004 0.058178999999999884
2 0.512109375 0.5789422305665349 0.011874999999999969 0.027824999999999978
2 0.5244140625 0.5960696613965745 0.018750000000000044 0.018549000000000065
2 0.5390625 0.8459651686429511 0.046875 0.0775720000000002
2 0.54296875 0.7841493689064558 0.05625000000000002 0.04300199999999997
2 0.5271875 0.7236524611330698 0.016249999999999987 0.054806000000000014
2 0.5380078125 0.6779627075098815 0.010624999999999996 0.02613800000000011
2 0.5438671875 0.5905361383399209 0.02187500000000009 0.01770599999999999
2 0.5565625 0.9123127378129118 0.04749999999999999 0.08600299999999991
2 0.5490234375 0.7292383227931489 0.029999999999999916 0.03794200000000007
2 0.5640625 0.6125641844532279 0.015625 0.02276500000000001
2 0.5739453125 0.7295021225296443 0.02562500000000001 0.07251299999999987
2 0.581640625 0.6042895691699605 0.020625000000000004 0.010117999999999967
2 0.6068359375 0.8121331225296443 0.04625000000000001 0.07251300000000002
2 0.5968359375 0.678331184453228 0.015000000000000013 0.022764999999999862
2 0.607265625 0.7287114611330698 0.020625000000000004 0.053120000000000014
2 0.621484375 0.9241704453227932 0.04375000000000007 0.11045499999999994
2 0.6168359375 0.6256857075098815 0.014375000000000027 0.024451999999999884
2 0.618359375 0.5798375691699604 0.013124999999999942 0.008432000000000044
2 0.6391796875 0.7476836455862977 0.038124999999999964 0.07588500000000002
2 0.6530859375 0.8540286916996047 0.04625000000000001 0.08094400000000004
2 0.6424609375 0.6433927075098814 0.014375000000000027 0.026137999999999956
2 0.6456640625 0.6948257075098814 0.01937500000000003 0.024452000000000033
2 0.64328125 0.6273717075098814 0.009375000000000022 0.026139000000000055
2 0.671328125 0.8361643069828721 0.03687499999999999 0.09359100000000016
2 0.6662890625 0.6899777997364953 0.01937500000000003 0.03457000000000007
2 0.7011328125 0.7296605072463768 0.073125 0.05902100000000009
2 0.6717578125 0.6078736613965745 0.010000000000000009 0.018549999999999935
2 0.6945703125 0.7929512147562582 0.026874999999999982 0.08347400000000015
2 0.7176953125 0.8664645994729907 0.05812500000000009 0.06914000000000001
2 0.712265625 0.6626796613965743 0.020625000000000004 0.01939300000000001
2 0.7164453125 0.6820726613965744 0.026874999999999982 0.02107900000000016
2 0.73359375 0.8098665533596838 0.024374999999999925 0.06408099999999999
2 0.7425 0.7591191686429511 0.03187499999999999 0.0767280000000001
2 0.7355078125 0.6447102305665349 0.010000000000000009 0.027824000000000033
2 0.7451171875 0.6715861844532279 0.021874999999999978 0.021921999999999935
2 0.75625 0.7255495533596839 0.03249999999999997 0.06576699999999998
2 0.7540625 0.6514552305665349 0.016249999999999987 0.027825000000000055
2 0.773828125 0.8314737839262187 0.03687499999999999 0.09021900000000001
2 0.781171875 0.6135122305665349 0.02750000000000008 0.027825000000000055
2 0.7819140625 0.6450787075098815 0.018750000000000044 0.026137999999999956
2 0.791953125 0.7482632147562582 0.03562500000000002 0.08431700000000007
2 0.7919140625 0.6582002305665349 0.01937500000000003 0.027824999999999978
2 0.8221484375 0.8865432147562582 0.06062500000000004 0.08431699999999992
2 0.805859375 0.6407576613965744 0.012499999999999956 0.02023600000000001
2 0.8090625 0.6149881383399209 0.016249999999999987 0.01770599999999999
2 0.861484375 0.8654642147562582 0.07437500000000008 0.08178699999999997
2 0.8784765625 0.9556832147562583 0.09750000000000003 0.08431699999999992
2 0.8794921875 0.5877427075098813 0.02312499999999995 0.024452000000000033
2 0.8837109375 0.6280046152832675 0.01375000000000004 0.013489999999999967
2 0.8998828125 0.7755076455862977 0.041874999999999996 0.07419900000000003
2 0.92859375 0.8266245072463768 0.05625000000000002 0.059865000000000036
2 0.9164453125 0.6234191383399209 0.025624999999999898 0.017707000000000087
2 0.9275390625 0.598124138339921 0.01937500000000003 0.01686400000000001
2 0.949609375 0.8081805533596838 0.04437500000000005 0.06408099999999999
2 0.962578125 0.7661275994729908 0.0675 0.06913999999999985
2 0.938984375 0.620258230566535 0.012500000000000067 0.027823999999999956
2 0.9576171875 0.6217331383399209 0.021874999999999978 0.017706999999999935
2 0.9680859375 0.5851076613965744 0.014374999999999916 0.01939300000000001
2 0.986484375 0.6206267075098815 0.012500000000000067 0.024452000000000033
