2 0.5710036744868036 0.1790234375 0.22065699999999996 0.12312500000000001
2 0.2073372140762463 0.7059765625 0.398122 0.19125000000000003
2 0.2099871818181818 0.397578125 0.36431900000000006 0.22375
2 0.17558312316715544 0.2178515625 0.215962 0.0975
2 0.17704939882697948 0.14058593749999998 0.218779 0.10875
2 0.33536927859237536 0.77734375 0.46197199999999994 0.33625000000000005
2 0.2991377008797654 0.51890625 0.338968 0.19687500000000002
2 0.2625458797653959 0.25578124999999996 0.246009 0.165625
2 0.3774844252199414 0.5783203125 0.33615000000000006 0.150625
2 0.42692995014662766 0.6437109375 0.22535199999999997 0.07687500000000003
2 0.39252589149560113 0.055234375 0.07511700000000004 0.075
2 0.6367219618768328 0.068046875 0.05352100000000011 0.028750000000000005
2 0.7015614428152492 0.078828125 0.08169000000000008 0.068125
2 0.7561874750733136 0.1565625 0.11267699999999999 0.08000000000000002
2 0.8564496744868036 0.174453125 0.22065700000000005 0.06812500000000002
