2 0.631571625 0.5131135720572058 0.23895 0.41167299999999996
2 0.0126953125 0.6019278503850385 0.026934 0.07782099999999999
2 0.03125 0.724478700770077 0.063536 0.15486400000000003
2 0.041015625 0.5047579504950495 0.082182 0.099611
2 0.1051015 0.5317799405940594 0.109807 0.12062200000000001
2 0.0997123125 0.3811605401540154 0.025552000000000005 0.03112799999999998
2 0.140625 0.3839514301430143 0.03314900000000001 0.028794000000000056
2 0.1826384375 0.5133113311331133 0.09185099999999999 0.2287939999999999
2 0.2016145 0.39151742024202424 0.047652 0.05058400000000002
2 0.26713549999999997 0.6948006006600659 0.14157499999999998 0.13229600000000014
2 0.2526494375 0.36913675027502746 0.060772999999999994 0.056810000000000055
2 0.2786759375 0.37251550055005506 0.04558099999999998 0.11206199999999998
2 0.3874044375 0.6161691111111111 0.21823200000000004 0.22334699999999993
2 0.3536939375 0.4517051705170517 0.07734800000000003 0.10350199999999996
2 0.35516625 0.3597175203520352 0.040746000000000004 0.072373
2 0.394886875 0.3460593102310231 0.027624999999999955 0.04824899999999999
2 0.4141760625 0.4135759801980198 0.018645999999999996 0.041245000000000025
2 0.44356425 0.40818153025302534 0.03936499999999998 0.052140000000000006
2 0.4516145 0.373081300330033 0.04765200000000003 0.066926
2 0.53813475 0.6326783806380638 0.08701599999999998 0.12840400000000002
2 0.550490375 0.415776200220022 0.04419800000000007 0.04435800000000004
2 0.6943359375 0.6276337205720572 0.140193 0.115175
2 0.69792375 0.3915422904290429 0.05524899999999999 0.08793800000000003
2 0.7704865625 0.4212452607260726 0.064917 0.14630399999999996
2 0.802065625 0.5892321606160617 0.08356299999999994 0.125292
2 0.7875573125 0.3302544301430143 0.025551999999999908 0.02957200000000005
2 0.8426226875 0.6102728404840484 0.10082800000000003 0.09805399999999997
2 0.853645125 0.4334066402640264 0.06698899999999997 0.053696
2 0.85814475 0.482136400440044 0.05524899999999999 0.08949400000000002
2 0.88322225 0.5082742904290429 0.071133 0.08793699999999999
2 0.8912459375 0.3812379603960396 0.04626999999999992 0.080934
2 0.9307288125 0.4598092805280528 0.04143600000000003 0.10661500000000004
2 0.9483069375 0.3812379603960396 0.07803900000000008 0.07937800000000002
2 0.9595936875 0.505695600660066 0.06906100000000004 0.1322950000000001
2 0.9828804375 0.37683752035203516 0.03107700000000002 0.07237399999999998
