2 0.055989583333333336 0.5658984375 0.114167 0.12312499999999993
2 0.2604166666666667 0.809765625 0.521667 0.239375
2 0.1405729166666667 0.57359375 0.21833299999999997 0.11749999999999994
2 0.13291699999999998 0.4901953125 0.18916600000000003 0.08875000000000005
2 0.34109375 0.8056640625 0.11833300000000002 0.08062499999999995
2 0.5106246666666666 0.555234375 0.240834 0.10687500000000005
2 0.44994825 0.850859375 0.10416600000000005 0.07500000000000007
2 0.5053124999999999 0.78953125 0.14166700000000007 0.10250000000000004
2 0.5147399166666666 0.7296875 0.09333300000000004 0.11124999999999996
2 0.7423434166666668 0.4984375 0.5133340000000001 0.20500000000000007
2 0.5593225833333334 0.8323046875 0.11416699999999998 0.06874999999999998
2 0.8259371666666667 0.671640625 0.13249999999999998 0.08250000000000002
2 0.9020833333333332 0.7283984375 0.10499999999999998 0.155625
