2 0.339609375 0.6202064787701318 0.07500000000000001 0.07973799999999999
2 0.031367187500000004 0.509425159590044 0.021875000000000002 0.027204
2 0.0533984375 0.5217344172767203 0.029375000000000005 0.032832999999999994
2 0.1133984375 0.5302906749633967 0.03 0.03846199999999999
2 0.208125 0.5351650307467057 0.03312499999999999 0.026266999999999912
2 0.2320703125 0.5196299019033674 0.02562500000000001 0.021576000000000057
2 0.2701171875 0.5016916442166911 0.02312499999999995 0.015009999999999976
2 0.2713671875 0.5998930307467057 0.021874999999999978 0.023451999999999928
2 0.300625 0.5035686442166911 0.03187500000000004 0.015008999999999922
2 0.2994921875 0.5189895153733528 0.023125000000000007 0.014072000000000084
2 0.3108984375 0.5389180307467057 0.029374999999999984 0.024389999999999905
2 0.313671875 0.4948270307467057 0.02812500000000001 0.024390999999999958
2 0.449765625 0.6710036749633969 0.05125000000000002 0.04033800000000002
2 0.4846875 0.5021045153733529 0.015625 0.01313299999999997
2 0.4895703125 0.536629159590044 0.025624999999999953 0.028142999999999946
2 0.5062890625 0.4882610307467057 0.018125000000000002 0.02345200000000001
2 0.5403125 0.5909680614934114 0.04749999999999999 0.04971899999999992
2 0.5369140625 0.5050759326500732 0.018125000000000058 0.04409100000000007
2 0.590546875 0.5957291595900439 0.028124999999999956 0.02907999999999995
2 0.5926171875 0.511301159590044 0.02312499999999995 0.027204
2 0.599765625 0.5299489019033675 0.02124999999999999 0.02251399999999995
2 0.6298046875 0.566648159590044 0.03750000000000009 0.027204
2 0.6321875 0.49793964421669107 0.016874999999999973 0.01688599999999993
2 0.7064453125 0.4937757730600293 0.026874999999999982 0.018760999999999993
2 0.751796875 0.4971159019033675 0.028124999999999956 0.02251399999999995
2 0.7884375 0.614306803806735 0.04749999999999999 0.04315199999999995
2 0.79359375 0.5717500307467057 0.024375000000000036 0.02626700000000008
2 0.8009375 0.5079610307467057 0.016875000000000084 0.02345200000000001
2 0.8062890625 0.4878491595900439 0.018750000000000044 0.029080000000000033
2 0.8292578125 0.5256707730600292 0.011249999999999982 0.0178230000000001
2 0.83609375 0.5031999326500732 0.024375000000000036 0.045967000000000015
2 0.9055859375 0.5531032884333821 0.0462499999999999 0.030955999999999984
2 0.900546875 0.4945294172767204 0.028125000000000067 0.03283299999999991
2 0.9139453125 0.5181657730600293 0.026874999999999982 0.017824000000000072
2 0.9426171875 0.48743628843338216 0.021874999999999978 0.030956999999999957
2 0.9431640625 0.5079610307467057 0.01937500000000003 0.02345200000000001
2 0.95359375 0.6246258038067349 0.024375000000000036 0.042213000000000084
2 0.9636328125 0.4983515153733529 0.010000000000000009 0.01313399999999994
2 0.9821875 0.5046199019033675 0.016249999999999987 0.022514999999999924
