2 0.6492578125 0.7389197720090294 0.073125 0.16063700000000003
2 0.056874999999999995 0.5124680812641084 0.06375 0.12445699999999997
2 0.091796875 0.47113674492099317 0.06 0.11866800000000004
2 0.15640625 0.5798484176072234 0.071875 0.12735100000000002
2 0.14375 0.4304980993227991 0.033125000000000016 0.14905900000000002
2 0.16046875 0.639528762979684 0.056249999999999994 0.14471799999999999
2 0.172578125 0.5737680993227992 0.06812499999999999 0.1534009999999999
2 0.21046875 0.39605641760722343 0.056249999999999994 0.13024600000000003
2 0.2228515625 0.44607075395033857 0.06562499999999999 0.13314
2 0.2251953125 0.5652587720090294 0.05812500000000001 0.16063700000000009
2 0.2995703125 0.3918320632054176 0.02562500000000001 0.095514
2 0.3246484375 0.5334823905191873 0.06187500000000001 0.08827800000000008
2 0.322265625 0.4924423724604966 0.05125000000000002 0.06222899999999997
2 0.3223046875 0.42349739051918733 0.038124999999999964 0.08827800000000002
2 0.3321484375 0.38216605417607225 0.030625000000000013 0.08538399999999997
2 0.3572265625 0.6068804266365688 0.06562499999999999 0.14037599999999992
2 0.4050390625 0.4179370902934537 0.049375 0.13603500000000002
2 0.40390625 0.5553014446952595 0.03937499999999999 0.16932
2 0.4369140625 0.45209404514672685 0.050000000000000044 0.06801800000000004
2 0.50640625 0.48994974492099325 0.04062499999999997 0.12156299999999999
2 0.5299609375000001 0.6194964627539502 0.07687499999999997 0.19536899999999996
2 0.515 0.4467074176072235 0.03312499999999996 0.127352
2 0.57515625 0.5760254356659142 0.039999999999999925 0.15629600000000005
2 0.5764453125 0.44705376297968397 0.026874999999999982 0.14471800000000007
2 0.6127734375 0.4353030902934537 0.02937499999999993 0.13748200000000002
2 0.6710546875 0.536896408577878 0.06874999999999998 0.11287999999999995
2 0.75671875 0.7153568081264108 0.08687500000000004 0.2156290000000001
2 0.7499609375 0.4969570451467269 0.04499999999999993 0.07091199999999995
2 0.7545703125 0.4269730270880361 0.02562500000000001 0.04486300000000003
2 0.770703125 0.5082437268623025 0.03562499999999991 0.09261899999999998
2 0.78046875 0.5862180541760723 0.05624999999999991 0.08393599999999994
2 0.827734375 0.7374727720090294 0.07499999999999996 0.16063700000000003
2 0.8406640625 0.5198207268623024 0.04937499999999995 0.09262000000000002
2 0.851953125 0.6053773995485328 0.0675 0.09985600000000007
2 0.8369921875 0.4331633995485328 0.02312499999999995 0.10275
2 0.9026171875 0.7449374717832957 0.053750000000000075 0.21128800000000006
2 0.9084765625 0.5894583995485327 0.06500000000000006 0.101303
2 0.911953125 0.536031045146727 0.06687500000000002 0.07091199999999995
2 0.9708203125 0.5246267178329571 0.05687500000000001 0.08104199999999998
2 0.9719921875 0.6021370541760722 0.053749999999999964 0.0824889999999999
