2 0.8857982459736456 0.407226625 0.19033600000000006 0.08300799999999997
2 0.07320660761346999 0.2158198125 0.08345500000000002 0.041016
2 0.2342609941434846 0.217773125 0.09370400000000004 0.036133
2 0.42313354026354316 0.2431644375 0.12737900000000002 0.092773
2 0.4978037247437775 0.330077875 0.26793599999999995 0.08984399999999998
2 0.5007317247437775 0.432617 0.26793599999999995 0.094727
2 0.4553444729136164 0.2998045625 0.17130299999999998 0.06640600000000002
2 0.5212299882869693 0.3671875 0.18155200000000002 0.11132799999999998
2 0.579795111273792 0.529297 0.27818400000000004 0.09375
2 0.6251831054172766 0.55371075 0.3689600000000002 0.14843800000000001
2 0.69546143045388 0.6152343125 0.3294290000000001 0.15039099999999994
