2 0.2297265625 0.6140316666666666 0.035 0.05337800000000007
2 0.27230468750000003 0.7231698333333334 0.10062499999999999 0.09007499999999997
2 0.274765625 0.6571369166666666 0.051875000000000004 0.060884000000000014
2 0.286328125 0.59281475 0.036250000000000004 0.055046000000000074
2 0.296640625 0.460162 0.020625000000000004 0.03169299999999997
2 0.356015625 0.5679135833333334 0.020625000000000004 0.01834899999999995
2 0.3820703125 0.58386175 0.026249999999999996 0.024187000000000108
2 0.3983984375 0.6032490833333334 0.02937500000000004 0.03586299999999998
2 0.404921875 0.5911644166666666 0.027500000000000024 0.015012000000000025
2 0.4159375 0.44238325 0.015625 0.04086800000000005
2 0.5019921875 0.6335201666666667 0.11625000000000002 0.06922500000000002
2 0.64078125 0.6071553333333334 0.040000000000000036 0.04253499999999999
