2 0.405390625 0.7576217058823528 0.08250000000000002 0.12523500000000012
2 0.0829296875 0.5303537647058824 0.06874999999999999 0.06026299999999999
2 0.25972656250000004 0.5374733529411765 0.035 0.062146999999999966
2 0.3836328125 0.47515788235294115 0.010625000000000051 0.031072999999999993
2 0.400390625 0.5035230588235293 0.020625000000000004 0.036723000000000054
2 0.4332421875 0.5341836470588236 0.023125000000000007 0.04049000000000003
2 0.4305859375 0.5058184705882354 0.014374999999999971 0.03295699999999997
2 0.4775390625 0.47221670588235287 0.019374999999999976 0.023540000000000016
2 0.5282421875 0.49828547058823525 0.02187500000000009 0.032957000000000056
2 0.532265625 0.46238829411764704 0.020625000000000004 0.027306999999999998
2 0.567890625 0.4728624705882353 0.020625000000000004 0.032956000000000076
2 0.588515625 0.49486800000000003 0.020625000000000004 0.050847999999999914
2 0.606796875 0.47974970588235294 0.028124999999999956 0.023539999999999933
2 0.6120703125 0.5352418235294117 0.026874999999999982 0.04425600000000003
2 0.632421875 0.4978730588235294 0.028124999999999956 0.036723000000000054
2 0.6602734375 0.5085272941176471 0.030625000000000013 0.029189999999999994
2 0.6901953125 0.4911658823529412 0.026874999999999982 0.032015000000000064
2 0.728828125 0.5430071764705883 0.0675 0.05743899999999998
2 0.7908203125 0.7624574705882353 0.1206250000000001 0.08286200000000016
2 0.781484375 0.6336355294117647 0.07562499999999994 0.06967999999999994
2 0.7688671875 0.475570294117647 0.02312499999999995 0.02730700000000008
2 0.78546875 0.49828547058823525 0.024374999999999925 0.03484000000000006
2 0.7919921875 0.46491605882352943 0.02312499999999995 0.03672299999999997
2 0.8451171875 0.5301204117647058 0.053750000000000075 0.0470810000000001
2 0.88578125 0.7709953529411765 0.10250000000000004 0.062146999999999966
2 0.8869921875 0.5068766470588235 0.023125000000000062 0.03860599999999997
2 0.9046875 0.5876755882352941 0.04749999999999999 0.05367300000000007
2 0.9410546875 0.5538414705882353 0.06937499999999996 0.03484000000000006
2 0.96 0.47221670588235287 0.03312500000000007 0.025424
2 0.9809765625 0.5150544117647058 0.03500000000000003 0.049906000000000006
