0 0.4803515625 0.4986979166666667 0.8150000000000001 0.999167
0 0.2081640625 0.12718749999999998 0.206875 0.11
0 0.23109375 0.28828091666666666 0.08687500000000004 0.06166699999999999
0 0.2440234375 0.34833333333333333 0.06125000000000003 0.04416700000000003
0 0.3180859375 0.27453125 0.07749999999999996 0.03916699999999999
0 0.3261328125 0.34380241666666667 0.07375000000000004 0.04666600000000002
0 0.381328125 0.13473991666666665 0.0675 0.09166599999999998
0 0.408671875 0.26500033333333334 0.09062499999999996 0.04333299999999999
0 0.420234375 0.33421908333333333 0.07500000000000001 0.066666
0 0.753125 0.25869824999999996 0.09437499999999999 0.041666000000000016
0 0.8225 0.3166663333333333 0.06374999999999997 0.043333999999999984
0 0.84484375 0.2505211666666667 0.08750000000000002 0.06916599999999999
