0 0.09765625 0.7308511803051319 0.195761 0.28495499999999996
0 0.1337890625 0.38638120665742026 0.269327 0.357522
0 0.0718299375 0.2421371012482663 0.139651 0.06725600000000001
0 0.275653375 0.1895990790568655 0.38778100000000004 0.217699
0 0.49274018750000004 0.4414860568654646 0.584788 0.368142
0 0.449477375 0.8051767947295423 0.293017 0.38584100000000005
0 0.563474 0.16950919140083218 0.407731 0.20884900000000003
0 0.725349375 0.24694024410540916 0.544888 0.35398300000000005
0 0.711906375 0.09986130374479889 0.261846 0.20177
0 0.8147871875 0.6579235104022191 0.366583 0.5575220000000001
