2 0.0582421875 0.5438346292466765 0.021875000000000006 0.01890299999999998
2 0.1213671875 0.5760888389955686 0.021875000000000006 0.026465000000000016
2 0.1863671875 0.759691258493353 0.021875000000000006 0.03686199999999985
2 0.18078125 0.4713503146233382 0.008124999999999993 0.00945200000000007
2 0.1868359375 0.5901476292466766 0.013750000000000012 0.019848999999999905
2 0.2068359375 0.6160815243722304 0.014374999999999999 0.015122999999999996
2 0.34125 0.8039387828655833 0.03187499999999999 0.05293000000000003
2 0.3586328125 0.5882576292466765 0.010624999999999996 0.017959000000000124
2 0.3730078125 0.5825866292466766 0.011250000000000038 0.018903999999999973
2 0.3948828125 0.5668133146233383 0.010000000000000009 0.009451999999999903
2 0.4224609375 0.5682331536189069 0.013749999999999984 0.03308100000000004
2 0.427890625 0.520029153618907 0.02062499999999995 0.034970999999999905
2 0.432734375 0.5727217341211226 0.013124999999999998 0.022683999999999954
2 0.44390625 0.5924515243722304 0.00874999999999998 0.016068000000000013
2 0.46171875 0.6002509438700147 0.02437499999999998 0.02930000000000015
2 0.5316015625 0.794077565731167 0.16000000000000003 0.10113499999999997
2 0.478046875 0.6847275731166913 0.02812500000000001 0.04631400000000001
2 0.4821875 0.5314284194977843 0.01687500000000003 0.01323199999999997
2 0.5069921875000001 0.5819399926144756 0.021874999999999922 0.05860100000000004
2 0.529296875 0.7328133633677991 0.028124999999999956 0.03875200000000005
2 0.543515625 0.8412756218611521 0.05125000000000002 0.07561400000000007
2 0.542890625 0.5630369926144756 0.020625000000000004 0.05765600000000003
2 0.574140625 0.5920386292466765 0.020000000000000018 0.019848999999999988
2 0.5909375 0.552697258493353 0.016874999999999973 0.036861999999999936
2 0.600859375 0.5771530487444608 0.012500000000000067 0.03024599999999999
2 0.625390625 0.5465514194977843 0.02124999999999999 0.01323199999999997
2 0.64109375 0.6327425731166912 0.024375000000000036 0.04631400000000009
2 0.66796875 0.621163153618907 0.024375000000000036 0.03497199999999998
2 0.6838671875 0.6794694682422452 0.021874999999999978 0.04253300000000003
2 0.6892578125 0.5400536292466765 0.010624999999999996 0.018903999999999973
2 0.7082421875 0.5794569438700148 0.02312499999999995 0.028354999999999964
2 0.7284375 0.5619691048744461 0.016249999999999987 0.00567100000000001
2 0.7528125 0.8381412584933531 0.04874999999999996 0.036861999999999936
2 0.7433203125 0.673148153618907 0.02562500000000001 0.033080999999999874
2 0.776015625 0.6171447341211227 0.020625000000000004 0.020793999999999924
2 0.7703515625 0.5366865243722305 0.0024999999999999467 0.015121999999999918
2 0.84625 0.6620435731166913 0.03312500000000007 0.04442300000000006
2 0.84203125 0.5627376292466765 0.009375000000000022 0.019849000000000075
2 0.8787109375 0.6525296292466766 0.015000000000000013 0.018903999999999973
2 0.89859375 0.8328258877400295 0.024375000000000036 0.05387500000000005
2 0.919765625 0.5765027341211226 0.020625000000000004 0.02268400000000004
