2 0.254296875 0.40147825806451615 0.18499999999999997 0.261094
2 0.4322265625 0.4520388064516129 0.15937499999999993 0.209495
2 0.4506640625 0.6201921290322581 0.17437499999999995 0.23013400000000003
2 0.45296875 0.5223371612903226 0.14875 0.16305500000000003
2 0.5886328125 0.6448367741935483 0.135625 0.27657400000000004
2 0.643046875 0.5412344516129032 0.12187499999999996 0.151703
2 0.702421875 0.7070706129032258 0.15250000000000008 0.21568599999999993
2 0.751875 0.6006458064516129 0.15625 0.2094940000000001
2 0.779296875 0.5603978064516129 0.12124999999999997 0.20743100000000006
2 0.8753515625 0.6141916129032258 0.12812499999999993 0.21362199999999995
