2 0.664453125 0.8657014444444444 0.13 0.1719370000000001
2 0.0126953125 0.8295388888888888 0.026667 0.12450600000000003
2 0.049331375 0.918285888888889 0.074445 0.15612700000000007
2 0.164384125 0.845294 0.09777699999999999 0.094862
2 0.1558294375 0.9178061111111112 0.061111 0.16007900000000003
2 0.29293425 0.9249355555555555 0.07111099999999998 0.14426900000000012
2 0.492431 0.9409305555555556 0.095555 0.11264900000000012
2 0.5609156875 0.8955863333333333 0.10111100000000006 0.16798400000000008
2 0.61300325 0.9246956666666666 0.10222200000000004 0.1462450000000002
2 0.78182325 0.6548503333333334 0.07222200000000001 0.10671899999999991
2 0.8321311875 0.9109165555555556 0.146667 0.17391300000000007
2 0.866032875 0.7932452222222222 0.08999999999999997 0.13438699999999995
2 0.9379515 0.7675532222222222 0.07888899999999999 0.13241099999999997
