2 0.31546874999999996 0.8251038333333334 0.18000000000000002 0.08999999999999986
2 0.0205078125 0.5513024166666667 0.0425 0.04499999999999993
2 0.0537109375 0.9284371666666668 0.1075 0.13083399999999998
2 0.10546875 0.7823440833333333 0.11875 0.09833300000000007
2 0.1941015625 0.6769795 0.19125000000000003 0.141666
2 0.18992187500000002 0.6000524166666666 0.15375 0.10833300000000001
2 0.18070312500000002 0.561042 0.130625 0.09583299999999999
2 0.3242578125 0.5574479166666667 0.10374999999999995 0.06166699999999999
2 0.3605078125 0.54151075 0.07249999999999995 0.05499999999999994
2 0.3868359375 0.5141663333333334 0.044999999999999984 0.04416699999999992
2 0.4096875 0.60869825 0.08000000000000002 0.040000000000000036
2 0.439375 0.5033333333333333 0.03249999999999997 0.04333299999999999
2 0.5801953125 0.49130241666666663 0.05687500000000001 0.04666600000000002
2 0.6716015625 0.49333333333333335 0.06499999999999995 0.041667000000000044
