2 0.5604687500000001 0.6620138888888889 0.14937499999999998 0.18555600000000005
2 0.1002734375 0.6974306666666666 0.12312499999999998 0.177778
2 0.2316796875 0.5085418888888888 0.038124999999999964 0.12333300000000008
2 0.244609375 0.5672224444444445 0.04374999999999998 0.138889
2 0.2678515625 0.5250696666666667 0.03500000000000003 0.11666599999999988
2 0.36484375 0.6497218888888888 0.05499999999999999 0.15444500000000005
2 0.42796875 0.6111113333333332 0.08687499999999998 0.167778
2 0.7718359375 0.5956945555555556 0.13937500000000003 0.17555500000000002
2 0.861484375 0.631874888888889 0.07437500000000008 0.12444499999999989
2 0.95546875 0.6479165555555556 0.08687500000000004 0.17555599999999988
