0 0.3854855625 0.8062468926174496 0.628339 0.277445
0 0.103515625 0.6093917986577182 0.207898 0.14371299999999998
0 0.1372259375 0.4288834697986577 0.170732 0.17365300000000003
0 0.4028784375 0.46741445637583895 0.18583 0.08183599999999996
0 0.473593375 0.4270891946308725 0.19976700000000003 0.06387199999999996
0 0.6240646875 0.616652389261745 0.47619 0.12774499999999994
0 0.721084125 0.4400196375838926 0.222997 0.05588799999999999
0 0.755662 0.46741445637583895 0.25087100000000007 0.08183599999999996
0 0.774936625 0.9020245838926173 0.14517999999999998 0.191617
0 0.9589235 0.4200018322147651 0.07897799999999999 0.11976099999999995
