2 0.01171875 0.6274397894736842 0.02375 0.05430699999999998
2 0.089921875 0.6413688128654971 0.028749999999999998 0.048690000000000025
2 0.1453515625 0.5262668947368422 0.035 0.02808899999999991
2 0.15046875 0.725638812865497 0.023749999999999993 0.04868900000000006
2 0.1735546875 0.9418657309941522 0.037500000000000006 0.06741499999999997
2 0.221171875 0.6138708830409356 0.09125000000000003 0.03183500000000003
2 0.203125 0.8635748479532164 0.0325 0.039325999999999896
2 0.211328125 0.6550688830409358 0.036250000000000004 0.029962999999999896
2 0.217734375 0.7533178011695906 0.04374999999999998 0.05243499999999993
2 0.26371093749999996 0.9403538479532163 0.04500000000000001 0.03932600000000023
2 0.283671875 0.6627898362573099 0.02749999999999997 0.04307100000000013
2 0.3347265625 0.7860237192982455 0.065 0.07303399999999995
2 0.3439453125 0.8681418713450292 0.026249999999999996 0.03370800000000005
2 0.367890625 0.58226583625731 0.05249999999999999 0.043070999999999963
2 0.4073828125 0.790048567251462 0.07249999999999995 0.10861399999999996
2 0.38921875 0.7075527777777778 0.025000000000000022 0.05618
2 0.434765625 0.6251068830409356 0.02124999999999999 0.029962000000000096
2 0.4678125 0.5547669064327485 0.016249999999999987 0.02621700000000002
2 0.49296875 0.8194528713450292 0.024999999999999967 0.03370800000000005
2 0.568046875 0.7483906608187134 0.06000000000000005 0.08614200000000001
2 0.602265625 0.6734347660818712 0.020000000000000018 0.05992499999999999
2 0.6263671875 0.728382730994152 0.053750000000000075 0.06928799999999999
2 0.6966015625 0.6757177777777778 0.03499999999999992 0.05618
2 0.731015625 0.6669458479532163 0.021250000000000102 0.03932600000000006
2 0.761328125 0.6180757894736841 0.036250000000000004 0.05430699999999998
2 0.763125 0.6860828596491227 0.03249999999999997 0.03558099999999999
2 0.79296875 0.6475788830409357 0.025000000000000022 0.03183499999999995
2 0.8040625 0.6837998479532164 0.01749999999999996 0.03932599999999998
2 0.8130859375 0.6577629064327485 0.015000000000000013 0.024345000000000054
2 0.8528515625 0.6700508830409356 0.03374999999999995 0.03183500000000003
2 0.874375 0.5194168596491229 0.03125 0.03745299999999996
2 0.9069921875 0.6111768596491227 0.022499999999999964 0.03558100000000007
