2 0.1790234375 0.597420803806735 0.030625000000000013 0.04221400000000006
2 0.2505859375 0.573214159590044 0.014374999999999999 0.02814300000000003
2 0.2639453125 0.6034616749633968 0.02562500000000001 0.0384610000000001
2 0.2953125 0.6034616749633968 0.017500000000000016 0.04033700000000005
2 0.325390625 0.5654816442166911 0.020625000000000004 0.015009999999999976
2 0.354765625 0.5654816442166911 0.020625000000000004 0.01688599999999993
2 0.4988671875 0.5582051595900439 0.02250000000000002 0.029081000000000006
2 0.6892578125 0.5276081537335285 0.135625 0.11913700000000006
2 0.85828125 0.5372166691068815 0.10250000000000004 0.13133299999999995
2 0.8975390625 0.5301245402635432 0.11187499999999995 0.126642
