2 0.0856640625 0.5375878594436311 0.11299999999999999 0.18140900000000004
2 0.0574609375 0.4618631537335286 0.045 0.11993999999999998
2 0.0829453125 0.374661055636896 0.089 0.13943000000000003
2 0.099390625 0.2767641903367496 0.052000000000000005 0.05247400000000004
2 0.11334375 0.3270367672035139 0.055999999999999994 0.10944500000000004
2 0.150203125 0.45359498828696926 0.06799999999999999 0.182908
2 0.162015625 0.5600061171303075 0.08299999999999999 0.18740599999999996
2 0.2238515625 0.4838958286969253 0.09600000000000003 0.15742100000000003
2 0.22896875 0.6242987613469986 0.08700000000000002 0.20089899999999994
2 0.224109375 0.30433654026354323 0.07600000000000001 0.12593699999999997
2 0.3422265625 0.5276199267935578 0.066 0.13643199999999994
2 0.3687109375 0.6365029882869693 0.10899999999999999 0.18290899999999993
2 0.361015625 0.3078267364568082 0.08300000000000002 0.08695700000000002
2 0.36296875 0.44509118448023427 0.08699999999999997 0.142428
2 0.3798984375 0.3822975402635433 0.09299999999999997 0.12593699999999997
2 0.4398984375 0.5047443440702781 0.09199999999999997 0.16791599999999998
2 0.451203125 0.3924766998535872 0.068 0.15292299999999998
2 0.4967578125 0.634898374816984 0.10400000000000004 0.19190399999999996
2 0.4930859375 0.4275216383601757 0.07800000000000001 0.10644600000000004
2 0.582453125 0.6722388901903368 0.13 0.2023989999999999
2 0.565109375 0.38351657101024894 0.07499999999999996 0.151424
2 0.5722734375 0.4705074421669107 0.06099999999999994 0.14692700000000006
2 0.6902265625 0.47636395754026356 0.06499999999999995 0.158921
2 0.7354296875 0.6077718901903367 0.132 0.2023980000000001
2 0.72025 0.42859918448023426 0.06300000000000006 0.14092900000000003
2 0.7570625 0.5378688286969253 0.08000000000000007 0.15592199999999995
2 0.7661328125 0.38790895754026355 0.07400000000000007 0.16041899999999998
2 0.8387578125 0.6676711478770132 0.10499999999999998 0.20839599999999986
2 0.848921875 0.5245860556368961 0.09099999999999997 0.13942999999999997
2 0.8581328125 0.4464496998535872 0.07300000000000006 0.15442300000000006
2 0.9095 0.7631668228404099 0.126 0.248875
2 0.917734375 0.6244741171303075 0.10599999999999998 0.18590700000000004
2 0.9303203125 0.3912935402635432 0.05799999999999994 0.125937
2 0.9420390625 0.508094055636896 0.08099999999999996 0.13793100000000005
2 0.9662265625 0.4525523133235725 0.06499999999999995 0.14542699999999992
