2 0.843169 0.37933431983805665 0.31308100000000005 0.32608699999999996
2 0.2882658125 0.5444280985155195 0.355254 0.3023710000000001
2 0.2571875 0.11875843454790823 0.266619 0.240119
2 0.30030675 0.7753425452091768 0.305933 0.249012
2 0.3956151875 0.8774146599190283 0.14796299999999996 0.16403099999999998
2 0.5279136875 0.5971552604588394 0.350251 0.417984
2 0.5405484375 0.6177878731443995 0.31165100000000007 0.3804350000000001
2 0.519909375 0.1106612685560054 0.20085799999999998 0.22233199999999997
2 0.7068449375 0.6540611241565452 0.39027900000000004 0.35474300000000003
2 0.698840625 0.22489657085020243 0.24017100000000002 0.300395
2 0.6777683125 0.0728744939271255 0.15225199999999994 0.148221
