0 0.219453125 0.4404285344070278 0.3175 0.21669799999999995
0 0.1065625 0.23696728843338213 0.04874999999999999 0.030957
0 0.1090625 0.27712093265007326 0.04749999999999999 0.044090999999999984
0 0.12203125 0.1985062884333821 0.04062500000000001 0.03095700000000002
0 0.13093749999999998 0.16526141727672036 0.0475 0.03470899999999998
0 0.3814453125 0.543011803806735 0.05687499999999995 0.042213999999999974
0 0.4859375 0.6184706749633968 0.04874999999999996 0.040337999999999936
0 0.5769921875 0.6711179326500731 0.053749999999999964 0.04596600000000004
0 0.6690625 0.7170839326500732 0.04749999999999999 0.04596599999999996
0 0.7643359375 0.7536689326500733 0.04562500000000003 0.04408999999999993
