2 0.3374609375 0.3074475833333334 0.014374999999999971 0.019166999999999972
2 0.441484375 0.26567741666666667 0.012500000000000011 0.01333300000000004
2 0.4689453125 0.32588575 0.02562500000000001 0.02416600000000002
2 0.5359375 0.28984341666666663 0.015625 0.013334000000000032
2 0.6019140625 0.3153125 0.018124999999999947 0.016666999999999987
2 0.624609375 0.3431774166666666 0.011874999999999969 0.01500000000000005
2 0.73 0.37848991666666665 0.03249999999999997 0.030833000000000037
2 0.8383203125 0.37619825 0.025624999999999898 0.040000000000000036
2 0.8440234375 0.33088575 0.030000000000000027 0.025832999999999995
2 0.8444140625 0.2924475833333333 0.018125000000000058 0.018334000000000034
2 0.877421875 0.3686455 0.028749999999999942 0.016666999999999987
