2 0.2708401844802343 0.936484375 0.142456 0.07499999999999996
2 0.021961932650073207 0.79546875 0.044049 0.05500000000000005
2 0.2702046749633968 0.432890625 0.038425999999999995 0.020625000000000004
2 0.3834825402635432 0.7421875 0.12839699999999998 0.04749999999999999
2 0.404455251830161 0.628125 0.097469 0.03249999999999997
2 0.4780883191800879 0.86453125 0.053420999999999975 0.03937500000000005
2 0.4913255768667642 0.64375 0.06091900000000012 0.03249999999999997
2 0.5361953191800879 0.5904296875 0.05435799999999998 0.03749999999999998
2 0.5966472884333822 0.386640625 0.03092699999999988 0.020625000000000004
2 0.6141606749633967 0.5047265624999999 0.04029900000000011 0.03437499999999999
2 0.6347786749633968 0.4692578125 0.0403 0.04125000000000001
2 0.6686309941434846 0.603203125 0.091846 0.03562500000000002
2 0.7060066749633968 0.4596875 0.03842500000000002 0.01749999999999996
2 0.7340064172767203 0.4113671875 0.03280199999999994 0.022499999999999964
2 0.7458958038067349 0.4583203125 0.041236999999999926 0.02562500000000001
2 0.7930504172767203 0.4419140625 0.032802000000000026 0.018750000000000044
2 0.8122042884333822 0.4614453125 0.02999099999999993 0.02562500000000001
2 0.855372448023426 0.4751953125 0.057169999999999964 0.025624999999999953
2 0.8624034172767203 0.4534375 0.032802000000000026 0.01687500000000003
2 0.8908130307467057 0.4445703125 0.025305000000000022 0.026874999999999982
2 0.9127789019033675 0.4299609375 0.022492999999999957 0.01375000000000004
