2 0.0321494375 0.8695026592427617 0.060662999999999995 0.14835899999999994
2 0.0263671875 0.39369474387527836 0.053784 0.07132700000000007
2 0.0885115625 0.41794574387527844 0.066292 0.07560599999999998
2 0.09738775 0.2898338864142539 0.056285 0.052781999999999996
2 0.146312 0.2574461158129176 0.093809 0.10841699999999999
2 0.13808081249999998 0.5329424587973274 0.042526999999999995 0.11697499999999991
2 0.240678875 0.4522552873051225 0.058787000000000006 0.11412300000000002
2 0.26966825 0.8851946592427617 0.10256399999999999 0.15121199999999996
2 0.313378125 0.9579759153674833 0.068168 0.07845900000000001
2 0.304161375 0.8038091158129177 0.04377700000000001 0.11126899999999992
2 0.330812 0.4999571158129176 0.06253900000000001 0.11127000000000005
2 0.3447683125 0.8263569732739421 0.057535999999999976 0.13124099999999989
2 0.370924125 0.5005829443207127 0.035646999999999984 0.10556400000000006
2 0.3889399375 0.8260072873051225 0.04565400000000003 0.11412299999999996
2 0.42039725 0.8512338017817372 0.07191999999999998 0.12838799999999997
2 0.41946375 0.43381208685968814 0.056284999999999974 0.08131300000000005
2 0.4280985625 0.27609291536748326 0.06629200000000002 0.07703300000000003
2 0.4477269375 0.36196105790645877 0.046279000000000015 0.055635000000000025
2 0.482695875 0.5006564877505568 0.09005600000000002 0.14550599999999997
2 0.5575215 0.34001077282850783 0.048780000000000046 0.09985699999999999
2 0.59208175 0.35660474387527835 0.024390000000000023 0.07275300000000001
2 0.633501 0.5215294587973274 0.06379000000000001 0.11697599999999993
2 0.627334125 0.38200560133630285 0.036897999999999986 0.09415200000000007
2 0.6863325 0.9500427438752783 0.11131899999999995 0.07560599999999998
2 0.6678639375 0.36739091536748336 0.04627900000000007 0.07845999999999996
2 0.6806794375 0.5151976302895322 0.061913999999999914 0.12268200000000004
2 0.742713625 0.4312069732739421 0.05128199999999994 0.12981499999999999
2 0.77029875 0.25987688641425394 0.08630399999999994 0.05278200000000003
2 0.797901875 0.3864599443207127 0.058787000000000034 0.10271100000000002
2 0.80095275 0.4979778307349666 0.05628500000000003 0.152639
2 0.82753625 0.32762325835189304 0.04002499999999998 0.088445
2 0.8741568125 0.9325458017817372 0.07254499999999997 0.1283880000000001
2 0.865915625 0.33019911581291767 0.05128200000000005 0.11126999999999995
2 0.9342809375 0.38576157238307346 0.04627900000000007 0.06990000000000005
2 0.9687540625 0.4233756013363029 0.04940600000000006 0.09557799999999995
2 0.9822055625 0.9029667438752784 0.033770999999999995 0.075607
