2 0.9368215625 0.2971719824304539 0.09642099999999998 0.274918
2 0.1132264375 0.3546307496339678 0.186267 0.382256
2 0.1239949375 0.3097552825768668 0.04601899999999999 0.12267299999999998
2 0.23222025 0.47965992093704246 0.13367500000000002 0.22562999999999994
2 0.3602156875 0.6205392459736457 0.257122 0.1894849999999999
2 0.3025908125 0.8472756325036603 0.13586600000000001 0.1982469999999999
2 0.358320625 0.4719483748169839 0.114682 0.19277100000000003
2 0.6088259375 0.7643903748169839 0.265158 0.19167600000000004
2 0.626701 0.34861682284040996 0.157049 0.247535
2 0.7693833125 0.8114997613469985 0.3382029999999999 0.2004380000000001
2 0.78041375 0.29282414202049784 0.21110299999999993 0.2990139999999999
2 0.76983925 0.45816759590043926 0.13367400000000007 0.26615599999999995
