2 0.38574243750000003 0.33918139766081873 0.279297 0.40058499999999997
2 0.2968753125 0.5964909824561403 0.183593 0.25584799999999996
2 0.4326171875 0.4605263216374269 0.08593699999999999 0.17105300000000007
2 0.5039064375 0.45760235672514626 0.09179699999999996 0.162281
2 0.4970705625 0.5818712397660819 0.06640600000000002 0.19152100000000008
2 0.574219 0.5628653684210526 0.09472599999999998 0.15935700000000005
2 0.5859375 0.42690036842105267 0.110352 0.159357
2 0.667968625 0.557017298245614 0.11425799999999997 0.17690100000000003
2 0.67773475 0.5190062397660818 0.11816399999999994 0.192982
2 0.742187125 0.5190062280701754 0.1601570000000001 0.19444400000000003
