2 0.009765625 0.6241963721973095 0.02 0.041606999999999957
2 0.0465234375 0.6083274394618834 0.060625 0.07604100000000001
2 0.19765625 0.8225544215246636 0.071875 0.13199500000000003
2 0.187734375 0.5669876771300448 0.04374999999999998 0.05021500000000002
2 0.3928515625 0.5243062869955157 0.03375 0.06743199999999998
2 0.4372265625 0.6872374394618834 0.09624999999999995 0.07460499999999995
2 0.5938671875 0.5252013721973094 0.053749999999999964 0.04304099999999997
2 0.595703125 0.4823396771300449 0.03562500000000002 0.05308399999999995
2 0.6949609375 0.5764038295964125 0.04625000000000001 0.054519000000000054
2 0.7574609375 0.5469016771300449 0.04500000000000004 0.050214999999999954
2 0.8414453125 0.5239466771300448 0.026874999999999982 0.053084000000000076
2 0.9165625 0.5815149820627803 0.048125000000000084 0.06169299999999998
2 0.923046875 0.5081646771300449 0.028124999999999956 0.050214999999999954
2 0.9516015625 0.5382936771300448 0.03499999999999992 0.05021500000000002
2 0.98375 0.5673482869955156 0.03125 0.0703010000000001
