2 0.084296875 0.3925282352941176 0.058750000000000004 0.04237300000000003
2 0.2226953125 0.35975129411764706 0.02562500000000001 0.029189999999999994
2 0.2764453125 0.343214705882353 0.026875000000000038 0.026364999999999965
2 0.2969140625 0.3242665294117647 0.019374999999999976 0.01977399999999998
2 0.304609375 0.2470535294117647 0.012500000000000011 0.01977400000000002
2 0.329375 0.40612364705882353 0.03187500000000004 0.03860599999999997
2 0.3358203125 0.3858200588235293 0.02562500000000001 0.03672300000000001
2 0.345703125 0.35598529411764707 0.03687499999999999 0.02730700000000004
2 0.3462109375 0.34445294117647063 0.014375000000000027 0.016948999999999992
2 0.3496875 0.25164535294117646 0.015625 0.01412399999999996
2 0.3780859375 0.3092005294117647 0.014374999999999971 0.01883200000000003
2 0.4352734375 0.5474073529411764 0.12312499999999998 0.11205299999999997
2 0.401484375 0.30543352941176466 0.013124999999999998 0.018833000000000013
2 0.415859375 0.3092005294117647 0.012500000000000011 0.01883200000000003
2 0.523125 0.3656336470588235 0.03312500000000007 0.04049000000000003
2 0.545703125 0.3857561764705883 0.03562500000000002 0.056498000000000013
2 0.5821875 0.42148588235294115 0.04875000000000007 0.030131
2 0.7771875 0.5927109411764706 0.14249999999999996 0.16666599999999998
