2 0.37589843749999996 0.6890621666666666 0.31125 0.4124999999999999
2 0.0853125 0.36541666666666667 0.016875 0.022500000000000037
2 0.2407421875 0.3816145833333333 0.021875000000000006 0.019167000000000007
2 0.2955078125 0.37828158333333334 0.010624999999999996 0.019165999999999943
2 0.341796875 0.4432815833333334 0.028749999999999998 0.020832999999999952
2 0.3401171875 0.3673434166666667 0.023125000000000007 0.014999999999999902
2 0.3744140625 0.36505174999999995 0.018125000000000002 0.025833999999999985
2 0.4405078125 0.3594795 0.010000000000000009 0.015832999999999986
2 0.4586328125 0.36973925 0.010000000000000009 0.009999999999999934
2 0.4830078125 0.3836454999999999 0.009999999999999953 0.01750000000000007
2 0.5574609375 0.3618753333333333 0.015000000000000013 0.010833000000000018
2 0.5623046875 0.3777083333333333 0.006250000000000089 0.01250000000000003
2 0.5937890625 0.3657815833333333 0.018125000000000058 0.019165999999999943
2 0.60328125 0.3481774166666667 0.008125000000000049 0.014999999999999977
2 0.6116796875 0.3832815833333334 0.007499999999999951 0.019165999999999943
2 0.62765625 0.36307325 0.009375000000000022 0.008332999999999998
2 0.6568359375 0.35302083333333334 0.013749999999999929 0.027500000000000007
2 0.6710546875 0.3677083333333333 0.007500000000000062 0.011667000000000094
2 0.727734375 0.3729166666666666 0.013124999999999942 0.022500000000000037
2 0.7949609375 0.36973925 0.014375000000000027 0.008334000000000064
2 0.825625 0.479792 0.03125 0.03250000000000005
2 0.9066015625 0.41192708333333333 0.03374999999999995 0.035833000000000004
