2 0.147004875 0.6550850625 0.02870399999999998 0.01759299999999997
2 0.2227791875 0.660489375 0.023148000000000002 0.012036999999999964
2 0.2272565 0.6485535 0.015741000000000005 0.015741000000000005
2 0.2783351875 0.6467520625 0.022221999999999964 0.018519000000000063
2 0.3202044375 0.6476780625 0.029629000000000016 0.019443999999999906
2 0.3623919375 0.6568359375 0.013888000000000011 0.014815000000000023
2 0.4614510625 0.773654625 0.04999999999999999 0.02037
2 0.525911125 0.657913625 0.036111000000000004 0.020371000000000028
2 0.54690375 0.669748375 0.025000000000000022 0.012037000000000075
2 0.570255 0.6547816875 0.03148100000000009 0.006480999999999959
2 0.620152875 0.6532330625 0.02777799999999997 0.01759299999999997
2 0.7490085625 0.6596139375 0.033333999999999975 0.01388900000000004
2 0.7888235625 0.6813154375 0.033334000000000086 0.029629000000000016
2 0.8113499375 0.7719543125 0.04537000000000002 0.026851999999999987
2 0.8465349375 0.684041875 0.04537000000000002 0.02777799999999997
2 0.89968175 0.6773080625 0.02407400000000004 0.017592000000000052
