0 0.3385747008797654 0.321875 0.33896700000000013 0.21875000000000003
0 0.43103260410557187 0.455703125 0.241315 0.03562500000000002
0 0.5020984310850439 0.5108203124999999 0.25164299999999995 0.05812500000000004
0 0.5831320146627565 0.5796875 0.29014000000000006 0.078125
0 0.6403303548387097 0.6655078125 0.3568069999999998 0.073125
0 0.7657124516129031 0.8310546875 0.45164299999999996 0.10062499999999996
0 0.6344186480938416 0.2646484375 0.10516399999999995 0.030625000000000013
0 0.7346429560117302 0.310078125 0.13802800000000004 0.036250000000000004
0 0.8450389442815249 0.9584375 0.30798099999999995 0.07999999999999996
0 0.8119846099706745 0.3502734375 0.15680799999999995 0.030625000000000013
