2 0.4005859375 0.6534194802342607 0.38937499999999997 0.5581609999999999
2 0.0390625 0.47615334992679353 0.079375 0.07879999999999993
2 0.056640625 0.5812375710102489 0.11375 0.15197000000000005
2 0.07859374999999999 0.37683060761347004 0.05625 0.08442799999999999
2 0.1399609375 0.41881609224011707 0.04625000000000001 0.07317100000000001
2 0.2489453125 0.4882091537335286 0.11937500000000004 0.11725999999999989
2 0.564453125 0.10654734992679356 0.03687499999999999 0.076923
2 0.6375 0.33039985944363104 0.09562500000000007 0.17917499999999997
2 0.7867578125 0.31825673645680824 0.073125 0.08536599999999997
2 0.902734375 0.53818160761347 0.07437499999999997 0.08442700000000006
2 0.9768359375 0.5527787364568082 0.04500000000000004 0.0853660000000001
