2 0.1012890625 0.4523076998535871 0.113125 0.153846
2 0.2637890625 0.35925234407027823 0.175 0.169794
2 0.2825 0.44704641142020496 0.126875 0.12476599999999997
2 0.4023828125 0.6171821844802342 0.10499999999999998 0.14258900000000008
2 0.4125390625 0.29489305563689605 0.08187499999999998 0.138837
2 0.531875 0.3640835402635432 0.188125 0.12851800000000005
2 0.54515625 0.5652194729136164 0.10250000000000004 0.17260800000000004
2 0.5349609375 0.2840037672035139 0.07687499999999997 0.10975600000000003
2 0.640546875 0.3294176998535871 0.12187500000000007 0.15384600000000004
2 0.838046875 0.6664823821376281 0.24687500000000007 0.5787990000000001
