2 0.1234235625 0.8066214375 0.222222 0.12418299999999993
2 0.05476425 0.5528686875 0.071895 0.03758100000000009
2 0.13248025 0.62665925 0.102942 0.07189599999999996
2 0.1175510625 0.7227269375 0.050654000000000005 0.0767969999999999
2 0.1608965 0.7194205625 0.10947699999999999 0.09640500000000007
2 0.299032125 0.7507463125 0.16176499999999996 0.12091600000000002
2 0.265625 0.6145638125 0.03267999999999999 0.07352999999999998
2 0.3168405 0.57217675 0.080065 0.024509000000000003
2 0.363154 0.7180289375 0.125817 0.14052300000000006
2 0.3775974375 0.617531875 0.093138 0.0588240000000001
2 0.4590550625 0.61884675 0.04901899999999998 0.05555600000000005
2 0.4541904375 0.5548218125 0.031046000000000018 0.04248300000000005
2 0.5432686875 0.6644644375 0.10130700000000004 0.12418300000000004
2 0.5629918125 0.5446795 0.04248300000000005 0.04738500000000001
2 0.6106 0.6602774375 0.09477199999999997 0.09313700000000003
2 0.6097385625 0.534913875 0.034313999999999956 0.02777799999999997
2 0.696882875 0.6191466875 0.08986899999999998 0.07026199999999994
2 0.6737836875 0.562334375 0.03758100000000009 0.04411699999999996
2 0.744063875 0.5478899375 0.02777799999999997 0.076797
2 0.80987025 0.6792471875 0.13398699999999997 0.08496700000000001
2 0.79496025 0.5548218125 0.07189499999999993 0.04248300000000005
2 0.8838335 0.5691319375 0.08006599999999997 0.076797
