2 0.06375 0.5049996666666666 0.094375 0.08333400000000002
2 0.2240625 0.48848925 0.048750000000000016 0.07250000000000001
2 0.2487109375 0.3383333333333334 0.015000000000000013 0.04166700000000001
2 0.2654296875 0.4627086666666667 0.03749999999999998 0.05333299999999993
2 0.333203125 0.4853645833333333 0.06812499999999999 0.080833
2 0.3295703125 0.46151075 0.05812499999999998 0.055832999999999945
2 0.34625 0.3230725833333334 0.03125 0.04999999999999997
2 0.3696875 0.317292 0.016874999999999973 0.03166599999999997
2 0.4090234375 0.5108336666666666 0.06187500000000001 0.08583300000000005
2 0.41734375 0.34833333333333333 0.02437499999999998 0.04166700000000001
2 0.4262890625 0.44817675 0.01937500000000003 0.055000000000000014
2 0.427265625 0.2643229166666667 0.020625000000000004 0.029167000000000016
2 0.4812109375 0.48088508333333335 0.04500000000000004 0.06583400000000002
2 0.4913671875 0.31994758333333334 0.021874999999999922 0.01833399999999996
2 0.5404296875 0.5161975833333333 0.06874999999999998 0.08249999999999995
2 0.55703125 0.2965104166666666 0.008750000000000036 0.01333300000000004
2 0.5617578125 0.3186455 0.010000000000000009 0.016666999999999987
2 0.605703125 0.5371871666666667 0.03687499999999999 0.06916699999999998
2 0.63953125 0.3173434166666667 0.008750000000000036 0.013333999999999957
2 0.6598828125 0.33270833333333333 0.010624999999999996 0.010832999999999982
2 0.671484375 0.3143753333333334 0.012499999999999956 0.011665999999999954
2 0.698359375 0.3166145833333333 0.011874999999999969 0.020000000000000018
2 0.7213671875 0.47567675000000004 0.05437500000000006 0.055000000000000014
2 0.7259765625 0.5319788333333334 0.03500000000000003 0.05833400000000003
2 0.7382421875 0.38536425 0.02312499999999995 0.04083399999999996
2 0.7478515625 0.42973958333333334 0.03375000000000006 0.04999999999999997
2 0.7694140625 0.3535413333333333 0.018125000000000058 0.01250000000000003
2 0.7994140625 0.3266145833333333 0.018124999999999947 0.019166999999999972
2 0.802734375 0.37088575 0.013125000000000053 0.025832999999999995
2 0.817421875 0.5177086666666667 0.028125000000000067 0.053333000000000075
2 0.8587890625 0.41286425 0.05062500000000003 0.04083400000000004
2 0.86578125 0.4489065833333334 0.040000000000000036 0.05166599999999999
2 0.8731640625 0.3448434166666667 0.018124999999999947 0.014999999999999977
2 0.8769140625 0.3769795 0.01937499999999992 0.017499999999999922
2 0.9124609375 0.3957815833333333 0.014375000000000027 0.020000000000000018
2 0.942421875 0.4366663333333333 0.05937500000000007 0.04249999999999998
2 0.96609375 0.3657815833333333 0.025000000000000022 0.019165999999999943
