2 0.17140340573152338 0.4578515625 0.341063 0.3775
2 0.25134307390648564 0.754765625 0.5014489999999999 0.27
2 0.20145172699849173 0.1323046875 0.39806699999999995 0.25625
2 0.2159183363499246 0.4048046875 0.322705 0.31937499999999996
2 0.221238850678733 0.6533203125 0.17198000000000002 0.12
2 0.41495645701357464 0.0756640625 0.44444400000000006 0.14375000000000002
2 0.38009940573152334 0.701171875 0.342995 0.15375000000000005
2 0.5145869276018099 0.4177734375 0.32753600000000005 0.341875
2 0.7743764570135747 0.36546875 0.4463770000000001 0.30562500000000004
2 0.7403150331825038 0.353359375 0.18454099999999993 0.2
