2 0.913984375 0.8279163333333334 0.16875000000000007 0.23222299999999998
2 0.130859375 0.5611801111111111 0.261875 0.2544449999999999
2 0.137578125 0.6203475555555555 0.255 0.268889
2 0.1552734375 0.5069441111111112 0.09312500000000001 0.348889
2 0.240625 0.4279861111111111 0.095 0.31666700000000003
2 0.3248046875 0.7699304444444445 0.16374999999999998 0.3600000000000001
2 0.3470703125 0.5234024444444444 0.15125 0.42333399999999993
2 0.429453125 0.6989582222222223 0.19187500000000002 0.47666699999999995
2 0.38640625 0.47131933333333337 0.07187499999999997 0.263333
2 0.556875 0.7417363333333333 0.22062499999999996 0.45111100000000004
2 0.5158203125 0.4576386666666667 0.08937500000000004 0.27111100000000005
2 0.5617578125 0.5512501111111111 0.10375000000000001 0.28666699999999995
2 0.713046875 0.5002773333333334 0.09062500000000007 0.293334
2 0.7171875 0.5937497777777777 0.04812499999999997 0.2444450000000001
2 0.804375 0.738264111111111 0.22000000000000008 0.4422220000000001
2 0.8478125 0.22368055555555555 0.23562500000000008 0.268889
2 0.7713671875 0.5286806666666667 0.053749999999999964 0.24111100000000008
2 0.828203125 0.6509028888888888 0.130625 0.18666700000000003
2 0.836015625 0.5221523333333333 0.083125 0.13666699999999998
2 0.8781640625 0.48895855555555556 0.050000000000000044 0.14333300000000004
2 0.9533984375 0.5415975555555556 0.09187500000000004 0.333333
