2 0.4266015625 0.7658821537335284 0.1275 0.11819900000000008
2 0.16484375 0.6406169633967789 0.11750000000000001 0.06941799999999997
2 0.27749999999999997 0.8402186691068814 0.158125 0.13133200000000014
2 0.2865625 0.7384496383601757 0.14250000000000002 0.106004
2 0.3101953125 0.06808634992679356 0.057499999999999996 0.078799
2 0.3597265625 0.06808634992679356 0.06562499999999999 0.076923
2 0.4402734375 0.48073009224011715 0.12312499999999998 0.0712949999999999
2 0.534453125 0.4068927672035139 0.16062500000000002 0.10975700000000005
2 0.508359375 0.8868250556368961 0.10562500000000002 0.13883700000000007
2 0.5022656249999999 0.6634026383601757 0.08312500000000006 0.10788000000000005
2 0.520234375 0.5800096749633968 0.10624999999999996 0.04033699999999997
2 0.65234375 0.5590912825768668 0.05625000000000002 0.12288900000000005
2 0.75609375 0.4823526383601757 0.24375000000000002 0.10600299999999996
2 0.7467578125 0.8210016383601756 0.1675000000000001 0.10788000000000005
2 0.72015625 0.25394160761346996 0.07187499999999991 0.08442700000000002
2 0.73140625 0.10650419033674965 0.039999999999999925 0.05253199999999997
2 0.7761328125 0.14871719033674963 0.04125000000000001 0.050657
2 0.8309375 0.91219721522694 0.14249999999999996 0.165104
2 0.7821484375 0.19791006149341142 0.02937500000000004 0.049719000000000006
2 0.9115234375 0.6006648960468521 0.09250000000000003 0.11350900000000004
2 0.9084375 0.46549257686676426 0.04749999999999999 0.06097600000000002
