2 0.12234375 0.8627588111888111 0.056249999999999994 0.12331799999999998
2 0.0048828125 0.8501755104895106 0.010625 0.021300999999999883
2 0.018320312499999998 0.7582475104895106 0.026875000000000003 0.023542000000000007
2 0.04046875 0.7445667692307691 0.024374999999999997 0.04148000000000011
2 0.0594921875 0.8457307762237761 0.02187499999999999 0.052690000000000035
2 0.07390625 0.7950157692307692 0.039375 0.039237000000000063
2 0.0662109375 0.7095467622377623 0.015 0.02578500000000005
2 0.0730078125 0.688607006993007 0.010624999999999996 0.01569499999999996
2 0.097265625 0.711295013986014 0.020625000000000004 0.028026999999999937
2 0.1356640625 0.698376027972028 0.019375000000000003 0.05941700000000005
2 0.19171875 0.7375737622377622 0.023749999999999993 0.02466400000000006
2 0.1890625 0.7033145104895105 0.016250000000000014 0.023542999999999967
2 0.200078125 0.8164492727272727 0.03562500000000002 0.04596400000000008
2 0.210078125 0.880256034965035 0.03687499999999999 0.07286999999999993
2 0.2199609375 0.8124590209790209 0.014999999999999986 0.043722000000000094
2 0.2376171875 0.7330897622377623 0.023125000000000007 0.026905999999999947
2 0.26273437499999996 0.8781475384615386 0.04374999999999998 0.07847499999999989
2 0.266640625 0.752775013986014 0.02124999999999999 0.028027000000000038
2 0.2687109375 0.730354013986014 0.014999999999999958 0.02914799999999993
2 0.270234375 0.8094562657342658 0.012499999999999956 0.03475299999999999
2 0.296953125 0.8080132867132868 0.036250000000000004 0.07623399999999997
2 0.321796875 0.7657342657342657 0.02812500000000001 0.03251099999999991
2 0.333203125 0.8699392937062937 0.03562500000000002 0.08968599999999997
2 0.33484375 0.725869013986014 0.02437499999999998 0.02914799999999993
2 0.356875 0.7745697622377622 0.03187499999999999 0.02466400000000006
2 0.3831640625 0.7645190279720279 0.018125000000000002 0.057175000000000066
2 0.4057421875 0.7210247692307693 0.023125000000000007 0.039236999999999966
2 0.4198046875 0.7952817762237763 0.03749999999999998 0.0526909999999999
2 0.456015625 0.8547380419580419 0.05250000000000005 0.08520200000000011
2 0.44609375 0.8002605244755244 0.02437499999999998 0.050448000000000055
2 0.4436328125 0.7231332657342657 0.011250000000000038 0.033632
2 0.47875 0.7917852727272727 0.03187499999999999 0.045963999999999984
2 0.4737109375 0.7223725104895106 0.015000000000000013 0.022421999999999876
2 0.4835546875 0.7201305104895105 0.0068749999999999645 0.022422000000000074
2 0.5028125 0.7907977762237762 0.016249999999999987 0.05493299999999998
2 0.517578125 0.7734880279720279 0.03562500000000002 0.056054000000000076
2 0.5514453125 0.7764907832167831 0.02562500000000001 0.06950599999999998
2 0.5680859375 0.730354013986014 0.014375000000000027 0.031390000000000015
2 0.59140625 0.8341987972027972 0.03937499999999994 0.09641199999999994
2 0.61921875 0.8462245244755244 0.024374999999999925 0.050448000000000055
2 0.6344140625 0.7850592727272727 0.018125000000000058 0.04596400000000008
2 0.639296875 0.8422342727272727 0.028125000000000067 0.04820599999999997
2 0.6543359375 0.7555117622377622 0.01375000000000004 0.02578400000000009
2 0.6548828125 0.800715006993007 0.010000000000000009 0.016815999999999953
2 0.6716015625 0.8364957692307693 0.03437499999999993 0.04147899999999985
2 0.6936328125 0.7697637832167832 0.041874999999999996 0.06950700000000015
2 0.70140625 0.8355072727272727 0.008750000000000036 0.045963999999999984
2 0.7187890625 0.7708455174825175 0.018125000000000058 0.035875000000000046
2 0.7207421875 0.8277937762237763 0.023125000000000062 0.05493200000000002
2 0.742890625 0.8297687692307691 0.020625000000000004 0.03923800000000002
2 0.7488671875 0.7825502657342658 0.02312499999999995 0.03251099999999991
2 0.7618359375 0.7555117622377622 0.014375000000000027 0.02578400000000009
2 0.7618359375 0.8122705454545455 0.014375000000000027 0.09192799999999987
2 0.781640625 0.725869013986014 0.020000000000000018 0.03139099999999988
2 0.7856640625 0.7634922657342658 0.018125000000000058 0.034752999999999895
2 0.810859375 0.7175282657342658 0.012499999999999956 0.03251099999999991
2 0.812109375 0.7395497552447552 0.012499999999999956 0.011210999999999987
2 0.815859375 0.8312510139860141 0.013124999999999942 0.030268999999999924
2 0.8257421875 0.728112013986014 0.023125000000000062 0.02914799999999993
2 0.8377734375 0.8310232727272728 0.030625000000000013 0.045963999999999984
2 0.866171875 0.8971662727272728 0.05874999999999997 0.04596500000000004
2 0.8499609375 0.7145255104895105 0.014375000000000027 0.021299999999999923
2 0.872109375 0.8115647622377622 0.013125000000000053 0.026906000000000044
2 0.8876171875 0.7196367622377622 0.02187500000000009 0.02466400000000006
2 0.89453125 0.807708013986014 0.009375000000000022 0.030269000000000025
2 0.928125 0.8702612727272727 0.03312500000000007 0.04820600000000007
2 0.9255859375 0.7273512587412587 0.014375000000000027 0.017936999999999943
2 0.9268359375 0.7175282657342658 0.014374999999999916 0.03251099999999991
2 0.954609375 0.8671642797202798 0.04375000000000007 0.06278000000000003
2 0.9894140625 0.9512060139860139 0.018750000000000044 0.02914800000000013
