2 0.017578125 0.116855 0.035625 0.10075300000000002
2 0.025390625 0.5008559411764706 0.05125 0.11581899999999996
2 0.037109375 0.8740970588235294 0.074375 0.08662900000000005
2 0.068359375 0.9573724705882353 0.138125 0.08286199999999991
2 0.0599609375 0.23138347058823527 0.10875 0.08286299999999998
2 0.09468750000000001 0.8357234117647059 0.173125 0.09792800000000003
2 0.0756640625 0.6795944705882354 0.11312499999999999 0.0828629999999999
2 0.08671875 0.6363966470588236 0.11750000000000001 0.08851199999999998
2 0.0865625 0.7761051764705883 0.11125 0.10828599999999991
2 0.06953125 0.4571401176470588 0.070625 0.07156300000000003
2 0.091015625 0.3655058823529411 0.08312499999999999 0.08097999999999998
2 0.107578125 0.7267393529411764 0.09875 0.06403000000000005
2 0.103203125 0.5533012941176471 0.06812499999999999 0.077213
2 0.1176171875 0.15086917647058826 0.084375 0.108287
2 0.1266796875 0.5396420000000001 0.1 0.102637
2 0.1964453125 0.35161423529411767 0.08812500000000001 0.09322099999999994
2 0.2121484375 0.8919241764705883 0.09249999999999997 0.10828599999999991
2 0.220625 0.2735241176470588 0.095 0.07156299999999999
2 0.215625 0.8162234705882353 0.06375 0.183616
2 0.2372265625 0.5956104117647059 0.06500000000000003 0.09887000000000003
2 0.25308593749999997 0.3140131176470588 0.076875 0.07344699999999997
2 0.2562890625 0.1260386470588235 0.080625 0.089454
2 0.2548828125 0.45631429411764707 0.073125 0.079096
2 0.245390625 0.06496041176470588 0.05124999999999999 0.048963999999999994
2 0.2953125 0.7723914705882354 0.14125000000000001 0.13276800000000008
2 0.2817578125 0.24522282352941177 0.04250000000000004 0.04613900000000003
2 0.2791015625 0.03529411764705882 0.03437499999999999 0.072505
2 0.3275 0.3102471176470588 0.09562499999999996 0.07344600000000003
2 0.357734375 0.37533529411764704 0.10625000000000001 0.079096
2 0.3677734375 0.9185864117647058 0.12374999999999997 0.09981100000000002
2 0.390078125 0.6544561176470588 0.16125 0.12146900000000004
2 0.3610546875 0.4206494705882353 0.10124999999999995 0.08286199999999991
2 0.4026171875 0.11956382352941178 0.05375000000000002 0.09510300000000001
2 0.44890625 0.8695052352941176 0.10249999999999998 0.09227900000000004
2 0.4858984375 0.8120033529411765 0.15624999999999994 0.1120519999999999
2 0.4426171875 0.43304835294117644 0.053749999999999964 0.16290000000000007
2 0.4509765625 0.2552845882352941 0.06562499999999999 0.05461400000000004
2 0.443984375 0.17224152941176474 0.04375000000000001 0.06779699999999998
2 0.4579296875 0.7460370588235293 0.06937499999999996 0.08568700000000007
2 0.5208203124999999 0.9546636470588236 0.15125000000000005 0.0885119999999999
2 0.4966796875 0.6191504117647059 0.10124999999999995 0.09887099999999992
2 0.5255078125 0.39592352941176473 0.10499999999999998 0.11770199999999997
2 0.5205078125 0.2297444117647059 0.07250000000000001 0.049905999999999964
2 0.544140625 0.27099535294117644 0.05124999999999991 0.06403
2 0.58703125 0.09520858823529411 0.07062500000000005 0.053673000000000005
2 0.63 0.6549962941176471 0.12687499999999996 0.07721299999999992
2 0.6191015625 0.4552978235294117 0.09624999999999995 0.1468930000000001
2 0.601796875 0.2908216470588235 0.05999999999999994 0.09039599999999999
2 0.6278515625 0.1923756470588235 0.09750000000000003 0.03860600000000001
2 0.6694921875 0.26080682352941176 0.08437500000000009 0.09604499999999999
2 0.669375 0.3566194705882353 0.06374999999999997 0.08380399999999999
2 0.669921875 0.8015291764705883 0.05874999999999997 0.10734400000000001
2 0.6923828125 0.9414177647058823 0.10499999999999998 0.11016900000000007
2 0.692890625 0.44964782352941174 0.083125 0.14501000000000003
2 0.717265625 0.6774791176470588 0.114375 0.07344599999999994
2 0.6841015625 0.16088923529411767 0.034375000000000044 0.04237299999999999
2 0.745859375 0.3201811176470588 0.10624999999999996 0.12335199999999999
2 0.7330859375 0.21355635294117647 0.04500000000000004 0.06214700000000001
2 0.7648046875 0.8040569411764706 0.10125000000000006 0.11581999999999987
2 0.772421875 0.9173481764705883 0.08999999999999997 0.10734400000000001
2 0.7587109375 0.20472223529411765 0.04500000000000004 0.091337
2 0.78046875 0.5168000588235294 0.08749999999999991 0.136534
2 0.8266796875 0.9577848823529412 0.16249999999999998 0.08097899999999991
2 0.7920703125 0.7021934705882353 0.08812500000000001 0.08380399999999999
2 0.7858984375 0.4091694117647059 0.06062500000000004 0.09981199999999993
2 0.816171875 0.8571364705882353 0.09062499999999996 0.132769
2 0.810703125 0.05895129411764706 0.06812499999999999 0.077212
2 0.80734375 0.132345 0.05625000000000002 0.051789
2 0.8062109375 0.21902629411764707 0.04500000000000004 0.077213
2 0.8644921875 0.5191477647058824 0.11562499999999998 0.16007599999999997
2 0.8446484375 0.17559511764705885 0.06062500000000004 0.07156299999999999
2 0.8497265625 0.37786405882352936 0.06499999999999995 0.08662900000000001
2 0.8578125 0.3419658823529411 0.07937499999999997 0.080979
2 0.9006640625 0.689878 0.08062500000000006 0.15254199999999993
2 0.9016796875 0.22279229411764706 0.06874999999999998 0.079096
2 0.931953125 0.7836381764705882 0.1293749999999999 0.10828600000000008
2 0.93984375 0.42134752941176473 0.11812500000000004 0.11958499999999997
2 0.9413671875 0.8965160000000001 0.11562499999999998 0.10263699999999992
2 0.9675 0.7106684705882352 0.06312499999999999 0.08474500000000008
2 0.968046875 0.25238411764705887 0.05937500000000007 0.12146899999999995
