2 0.2340234375 0.8756725495207668 0.029375000000000012 0.05629500000000004
2 0.294296875 0.8674845495207667 0.02749999999999997 0.0562940000000002
2 0.345546875 0.8692827731629393 0.027500000000000024 0.044012
2 0.380546875 0.8920495495207669 0.02812500000000001 0.05527099999999983
2 0.38359375 0.8507348849840255 0.02437499999999998 0.03582400000000006
2 0.536953125 0.8384998817891374 0.03687499999999999 0.06653000000000002
2 0.5509765625 0.8501315463258786 0.03499999999999992 0.08597699999999997
2 0.5614453125 0.8234715495207666 0.02562500000000001 0.05629499999999994
2 0.610078125 0.7994809936102237 0.03562500000000002 0.06038899999999983
2 0.64890625 0.7967356613418529 0.040000000000000036 0.05015300000000001
2 0.75125 0.7594381054313099 0.03125 0.05322400000000007
