2 0.777109375 0.570833 0.10687500000000005 0.12583399999999992
2 0.086015625 0.31244791666666666 0.115 0.06166699999999999
2 0.08156250000000001 0.4093225833333333 0.07874999999999999 0.11333400000000005
2 0.1531640625 0.231042 0.08124999999999999 0.09500000000000001
2 0.225390625 0.45166666666666666 0.11499999999999999 0.08416700000000003
2 0.304140625 0.30963575 0.08374999999999999 0.088333
2 0.340546875 0.6469274166666666 0.08999999999999997 0.07583300000000004
2 0.3827734375 0.47692675 0.09312500000000001 0.11750000000000001
2 0.405234375 0.56963575 0.138125 0.088333
2 0.401328125 0.3695309166666667 0.09937500000000005 0.12416699999999992
2 0.421796875 0.7442184166666667 0.1225 0.108334
2 0.4758984375 0.6300524166666667 0.09249999999999997 0.10833300000000001
2 0.87375 0.21942741666666668 0.250625 0.325833
