2 0.511484375 0.5828967710843372 0.07437499999999997 0.0976870000000001
2 0.0068359375 0.08330516064257028 0.014375 0.020564999999999993
2 0.013984375 0.10941406425702811 0.0125 0.010282999999999997
2 0.039609375 0.8597324497991968 0.04375 0.05783999999999992
2 0.0284375 0.08073416064257029 0.016874999999999998 0.023135999999999993
2 0.049609375 0.10186212851405622 0.013125000000000005 0.019281000000000006
2 0.0660546875 0.08957209638554217 0.007499999999999993 0.012852999999999995
2 0.108125 0.8488864819277109 0.031875 0.06041099999999999
2 0.1159375 0.09158012851405622 0.017499999999999988 0.017993999999999993
2 0.1405859375 0.0821792248995984 0.014999999999999986 0.030849000000000005
2 0.158359375 0.08587516064257028 0.013124999999999998 0.023137000000000008
2 0.1879296875 0.08844616064257028 0.007500000000000007 0.020566000000000008
2 0.2028125 0.09189925702811245 0.016875 0.034705
2 0.2209375 0.09045419277108434 0.016249999999999987 0.026992000000000006
2 0.22703125 0.08531319277108435 0.008125000000000021 0.025707000000000004
2 0.2573046875 0.5363874176706828 0.03812499999999999 0.052698999999999885
2 0.249609375 0.16146832128514058 0.013125000000000026 0.042417
2 0.2525390625 0.08820332128514057 0.01812500000000003 0.042417
2 0.2784375 0.0873212248995984 0.016874999999999973 0.02827699999999999
2 0.2748046875 0.15319335341365461 0.007500000000000007 0.04755799999999998
2 0.294765625 0.5314882570281124 0.020000000000000018 0.034705000000000034
2 0.2916796875 0.08756406425702812 0.007500000000000007 0.010281999999999996
2 0.32484375 0.7152104819277109 0.05625000000000002 0.06298199999999995
2 0.3359375 0.08587516064257028 0.015625 0.020565999999999994
2 0.3455859375 0.08386712851405623 0.015000000000000013 0.017994999999999994
2 0.3709375 0.5263472570281125 0.048750000000000016 0.03470399999999993
2 0.3594921875 0.14114516064257027 0.023125000000000007 0.020565999999999994
2 0.373828125 0.815627546184739 0.036250000000000004 0.07197899999999993
2 0.3662109375 0.08330516064257028 0.013749999999999984 0.023135999999999993
2 0.397109375 0.08105428915662652 0.04375000000000001 0.03856
2 0.402265625 0.6856474819277109 0.05249999999999999 0.06041099999999999
2 0.433984375 0.08844616064257028 0.013124999999999998 0.020566000000000008
2 0.4516796875 0.08643812851405623 0.007500000000000007 0.017994999999999994
2 0.48109375 0.8398067068273092 0.05625000000000002 0.09125900000000009
2 0.4944140625 0.09165741767068274 0.018125000000000058 0.052698999999999996
2 0.521484375 0.08330516064257028 0.012499999999999956 0.020564999999999993
2 0.5546484375 0.08844616064257028 0.030625000000000013 0.020566000000000008
2 0.589765625 0.5604882891566265 0.05125000000000002 0.03984599999999996
2 0.6093359375 0.5636222570281124 0.014374999999999916 0.03213400000000007
2 0.6128125 0.08932925702811245 0.015625 0.032133
2 0.636796875 0.5796092248995984 0.028124999999999956 0.029563000000000002
2 0.6331640625 0.08330516064257028 0.01937500000000003 0.023135999999999993
2 0.652265625 0.13431625702811248 0.02124999999999999 0.03341899999999999
2 0.6582421875 0.09816619277108433 0.023125000000000062 0.024422000000000006
2 0.679296875 0.6143905140562249 0.05999999999999994 0.06555300000000001
2 0.6746875 0.4734054176706827 0.04874999999999996 0.05527000000000001
2 0.69875 0.8577244176706827 0.03187499999999999 0.052698999999999885
2 0.7025 0.809360610441767 0.03249999999999997 0.07969200000000003
2 0.7388671875 0.5005574819277109 0.053749999999999964 0.06169699999999997
2 0.74125 0.9052814176706827 0.03187499999999999 0.05269999999999998
2 0.7628125 0.08531319277108435 0.016874999999999973 0.025707000000000004
2 0.79625 0.5879614819277109 0.06312499999999999 0.06298199999999995
2 0.7796875 0.08330516064257028 0.01750000000000007 0.023135999999999993
2 0.8128515625 0.7168983855421687 0.03437499999999993 0.05012900000000003
2 0.8119921875 0.08330516064257028 0.021874999999999978 0.023135999999999993
2 0.8422265625 0.5044134819277108 0.03437499999999993 0.06298200000000001
2 0.8494140625 0.2777122891566265 0.018125000000000058 0.03984600000000001
2 0.8982421875 0.5533392570281125 0.053750000000000075 0.035990000000000015
2 0.9107421875 0.9297034176706828 0.053749999999999964 0.05526999999999995
2 0.954375 0.5942274176706828 0.06374999999999997 0.05526999999999995
2 0.94625 0.09246222489959839 0.03187499999999999 0.02956299999999999
2 0.9664453125 0.6086092570281124 0.057499999999999996 0.035990000000000015
2 0.9619921875 0.48256248192771084 0.02312499999999995 0.06298200000000001
