2 0.6597265625 0.6204691208053691 0.19083300000000003 0.31805100000000003
2 0.078203125 0.6626896174496644 0.068333 0.16905400000000004
2 0.1116796875 0.6889292080536912 0.06916699999999999 0.15759300000000012
2 0.212917 0.6827466174496645 0.063333 0.170487
2 0.22963575 0.6387862080536914 0.08666599999999999 0.15759299999999993
2 0.322917 0.6454976174496645 0.064166 0.16905399999999993
2 0.34848925 0.6796748791946309 0.07083400000000001 0.18481299999999992
2 0.4061591875 0.6622761409395973 0.08499999999999996 0.20343800000000004
2 0.483203125 0.667194355704698 0.06749999999999995 0.15186200000000008
2 0.5497265625 0.6766935369127517 0.06583300000000003 0.12607499999999996
