2 0.1550209375 0.8013919166666668 0.23285899999999998 0.27930999999999995
2 0.0595703125 0.278233 0.12031 0.189655
2 0.173499875 0.43002866666666667 0.24708899999999998 0.21034499999999998
2 0.1474635625 0.07220708333333334 0.09573099999999998 0.065517
2 0.2403261875 0.164332 0.21086699999999997 0.15862099999999998
2 0.3672819375 0.6594113333333333 0.26520099999999996 0.22931000000000004
2 0.31225274999999997 0.024739583333333332 0.150064 0.051724
2 0.3767193125 0.40332283333333335 0.182406 0.21379300000000004
2 0.3544243125 0.97642825 0.08796900000000002 0.041379000000000055
2 0.4225564375 0.14068758333333334 0.15523899999999996 0.175862
2 0.5552948125 0.6281966666666666 0.19793099999999997 0.17758600000000002
2 0.5298284375 0.3631379166666666 0.12419200000000002 0.18620699999999998
2 0.5890065625 0.8968124166666667 0.222509 0.20172400000000001
2 0.5477626875 0.14410025 0.06856399999999996 0.165517
2 0.7560535 0.8585311666666667 0.1720569999999999 0.22413799999999995
