2 0.06714843749999999 0.8506443333333333 0.029375000000000005 0.04338099999999992
2 0.092734375 0.9002114444444445 0.04375000000000001 0.047831000000000005
2 0.1523828125 0.7217995555555555 0.041874999999999996 0.08120100000000008
2 0.2634765625 0.6987412222222222 0.034999999999999976 0.04115700000000001
2 0.4857421875 0.8028133333333334 0.021875000000000033 0.04338100000000002
2 0.537265625 0.7713146666666666 0.020625000000000004 0.054505
2 0.578671875 0.8107345555555556 0.028125000000000067 0.050055999999999955
2 0.7360546875 0.9436756666666667 0.06874999999999998 0.023359000000000033
2 0.7215234375 0.7663237777777778 0.030625000000000013 0.025583999999999878
2 0.7273828125 0.8258716666666667 0.04249999999999998 0.08453800000000003
2 0.864140625 0.7908477777777778 0.020625000000000004 0.055617
2 0.9766796875 0.8258196666666666 0.03749999999999998 0.054505
