2 0.250390625 0.5932807383015598 0.020624999999999977 0.06104300000000001
2 0.2545703125 0.5321778180242634 0.02562500000000001 0.029966999999999976
2 0.302890625 0.5287116135181975 0.02062499999999995 0.021088000000000006
2 0.3240625 0.5087336135181976 0.01687500000000003 0.022198000000000093
2 0.3401953125 0.42111353379549393 0.02562500000000001 0.05438400000000001
2 0.3409375 0.5688038180242634 0.016249999999999987 0.029967000000000077
2 0.3490234375 0.5987708180242635 0.02937500000000004 0.031076000000000027
2 0.43625 0.6809607383015598 0.06437499999999996 0.06215299999999999
2 0.4520703125 0.5594379202772963 0.02562500000000001 0.03440599999999999
2 0.50171875 0.6186715337954939 0.05625000000000002 0.054384000000000106
2 0.4990234375 0.5445230225303292 0.030625000000000013 0.03662600000000007
2 0.5515234375 0.7490733518197573 0.030000000000000027 0.08102100000000002
2 0.55109375 0.6738921247833622 0.024374999999999925 0.03884600000000005
2 0.55484375 0.5483389202772965 0.024375000000000036 0.033296999999999945
2 0.5737109375 0.785152533795494 0.04625000000000001 0.05216499999999987
2 0.5833984375 0.5668572270363952 0.02937500000000004 0.04328500000000006
2 0.580859375 0.44040851126516467 0.013125000000000053 0.017757999999999993
2 0.6152734375 0.5774693292894281 0.030625000000000013 0.04772500000000002
2 0.635625 0.8636038405545927 0.06312499999999999 0.06548300000000006
2 0.6408984375 0.5890552270363952 0.02937500000000004 0.043284999999999865
2 0.6628125 0.4703571473136915 0.04874999999999996 0.07325200000000004
2 0.6653125 0.6689662270363952 0.04875000000000007 0.04328499999999996
2 0.6695703125 0.5762231247833621 0.02562500000000001 0.04106500000000009
2 0.697421875 0.5950911247833622 0.028125000000000067 0.039955000000000095
2 0.71515625 0.681797329289428 0.04062499999999991 0.04550499999999994
2 0.7272265625 0.6217281247833621 0.03375000000000006 0.04106499999999998
2 0.7304296875 0.5289676585788562 0.03874999999999995 0.09323000000000006
2 0.7308984375 0.9101425563258232 0.02937499999999993 0.08879000000000001
2 0.747109375 0.6923930675909878 0.04375000000000007 0.10432799999999996
2 0.7565234375 0.5794159202772964 0.02937500000000004 0.03440599999999999
2 0.8085546875 0.850037623916811 0.09999999999999998 0.19089900000000012
2 0.8291796875 0.784222294627383 0.09999999999999998 0.14761399999999997
2 0.8123828125 0.670212431542461 0.041874999999999996 0.04994399999999996
2 0.8729296875 0.924066294627383 0.06937499999999996 0.14761399999999988
2 0.8858984375 0.6051216811091855 0.09250000000000003 0.12541599999999997
2 0.879921875 0.669589329289428 0.028125000000000067 0.04772499999999992
