2 0.029296875 0.8758473284671533 0.059375 0.09430400000000004
2 0.3683984375 0.870704496350365 0.06124999999999997 0.07282899999999988
2 0.4661328125 0.8538974963503648 0.04249999999999998 0.07096200000000016
2 0.49984375 0.8604481605839417 0.05499999999999999 0.11858099999999983
2 0.5401953125 0.8387210802919709 0.026874999999999982 0.05882299999999988
2 0.6020703125 0.8422333284671532 0.02562500000000001 0.09617200000000006
2 0.6640234375 0.851215204379562 0.02937499999999993 0.07656400000000012
2 0.7401953125 0.8572243503649635 0.02562500000000001 0.07469700000000007
2 0.7697265625 0.843745204379562 0.03437499999999993 0.07656400000000012
2 0.8346484375 0.8309626423357664 0.02937500000000004 0.06722699999999994
2 0.8741796875 0.8441680145985402 0.03749999999999998 0.12044800000000004
2 0.9122265625 0.8514516204379562 0.034375000000000044 0.08963599999999985
2 0.9498046875 0.8324891824817519 0.03874999999999995 0.09803900000000011
