0 0.18453125 0.6034616749633968 0.071875 0.0384610000000001
0 0.2630859375 0.5917928038067349 0.07812499999999997 0.042213000000000084
0 0.314921875 0.6672516749633968 0.09125 0.03939900000000007
0 0.4111328125 0.5888645461200586 0.073125 0.03658499999999998
0 0.4612890625 0.5140450614934114 0.08062499999999995 0.04784299999999997
0 0.54734375 0.5039104172767204 0.08624999999999994 0.034709000000000025
0 0.6055859375 0.5781326749633968 0.07687500000000003 0.03846199999999999
0 0.69203125 0.5012096749633967 0.07187500000000002 0.03846200000000007
0 0.70640625 0.7916048038067349 0.07125000000000004 0.04221400000000006
0 0.79078125 0.764399803806735 0.07062500000000005 0.04221400000000006
0 0.8441015625 0.8340031595900439 0.06562499999999993 0.029080000000000116
0 0.9396875 0.7723166749633968 0.078125 0.03846199999999999
0 0.9804296875 0.5271780614934114 0.03749999999999998 0.04784299999999997
